db/R_TOOLS/emepPackagesTesting/emep_data/TT/TT0001R.good.nas
53 1001
Name, Surname
TT01, Institute of Testing, IoT, , "Test Str., 12345 Testity, Testland", , , , 
Name, Surname
TEST
1 1
2011 01 01 2011 07 04
0.041667
days from file reference point
11
1 1 1 1 1 1 1 1 1 1 1
999.999999 999.9999 999.999 99.999 99.999 99.9999 99.999 99.999 999.9999 999.9999 9.999
end_time of measurement, days from the file reference point
ammonium, ug N/m3
calcium, ug/m3
chloride, ug/m3
magnesium, ug/m3
nitrate, ug N/m3
potassium, ug/m3
sodium, ug/m3
sulphate_corrected, ug S/m3
sulphate_total, ug S/m3
numflag, no unit
0
28
Data definition:              EBAS_1.1
Set type code:                TU
Timezone:                     UTC
File name:                    TT0001R.good.nas
File creation:                20151130122131
Startdate:                    20110101000000
Revision date:                20110704000000
Statistics:                   arithmetic mean
Data level:                   
Period code:                  5mo
Resolution code:              1h
Station code:                 TT0001R
Platform code:                TT0001S
Station name:                 TestStation01
Station latitude:             01.10
Station longitude:            01.10
Station altitude:             01.0m
Regime:                       IMG
Component:                    
Unit:                         ug/m3
Matrix:                       pm10
Instrument type:              online_IC
Laboratory code:              TT01L
Instrument name:              InstrumentName01
Method ref:                   TestRef01
Originator:                   Name, Surname, , , , , , , , , 
Submitter:                    Name, Surname, , , , , , , , , 
starttime endtime NH4+ Ca++ Cl- Mg++ NO3- K+ Na+ XSO4-- SO4-- flag
[from data line 1455]
 60.625000  60.666667   2.7977   2.266  0.519  0.218  1.9757  0.121 99.999   0.9125   1.0640 0.000
 60.666667  60.708333   2.3403   2.280  0.407  0.188  1.6255  0.100 99.999   0.8070   0.9377 0.000
 60.708333  60.750000   1.9553   2.247  0.289  0.214  1.3755  0.096 99.999   0.7110   0.8597 0.000
 60.750000  60.791667   2.0946   2.592  0.286  0.231  1.4895  0.092 99.999   0.7442   0.9047 0.000
 60.791667  60.833333   2.7479   2.729  0.436  0.233  1.8611  0.122 99.999   0.9124   1.0743 0.000
 60.833333  60.875000   2.6872   2.515  0.693  0.226  1.7853  0.106 99.999   0.8782   1.0353 0.000
 60.875000  60.916667   2.9408   2.207  0.883  0.209  1.9860  0.110 99.999   0.8874   1.0327 0.000
 60.916667  60.958333   3.4121   2.151  1.087  0.183  2.2770  0.136 99.999   0.9931   1.1203 0.000
 60.958333  61.000000   3.9192   1.897  1.169  0.192  2.6413  0.141 99.999   1.1416   1.2750 0.000
 61.000000  61.041667   4.4590   1.931  1.189  0.175  3.0304  0.129 99.999   1.2981   1.4197 0.000
 61.041667  61.083333   4.9008   1.850  1.185  0.175  3.4084  0.145 99.999   1.4001   1.5217 0.000
 61.083333  61.125000   5.4833   1.911  1.283  0.179  3.6910  0.229  0.106   1.7744   1.7833 0.000
 61.125000  61.166667   5.7447   2.228  1.310  0.233  3.8795  0.215 99.999   1.7324   1.8943 0.000
 61.166667  61.208333 999.9999 999.999 99.999 99.999 99.9999 99.999 99.999 999.9999 999.9999 0.999
 61.208333  61.250000 999.9999 999.999 99.999 99.999 99.9999 99.999 99.999 999.9999 999.9999 0.999
 61.250000  61.291667 999.9999 999.999 99.999 99.999 99.9999 99.999 99.999 999.9999 999.9999 0.999
 61.291667  61.333333 999.9999 999.999 99.999 99.999 99.9999 99.999 99.999 999.9999 999.9999 0.999
 61.333333  61.375000 999.9999 999.999 99.999 99.999 99.9999 99.999 99.999 999.9999 999.9999 0.999
 61.375000  61.416667   6.1227   2.459  2.208  0.233  4.0597  0.264  0.124   1.5211   1.6830 0.000
 61.416667  61.458333   5.1224   2.267  1.892  0.208  3.4842  0.200 99.999   1.3014   1.4460 0.000
 61.458333  61.500000   5.1520   2.420  1.837  0.235  3.4600  0.199 99.999   1.3190   1.4823 0.000
 61.500000  61.541667   4.6534   2.328  1.665  0.268  3.1334  0.178 99.999   1.2214   1.4077 0.000
 61.541667  61.583333   4.2560   2.300  1.575  0.238  2.8073  0.145  0.090   1.3255   1.3330 0.000
 61.583333  61.625000   3.6027   2.213  1.211  0.295  2.4337  0.160  0.086   1.2005   1.2077 0.000
 61.625000  61.666667   3.4953   2.219  1.108  0.252  2.3908  0.148 99.999   1.0426   1.2177 0.000
 61.666667  61.708333   3.6120   2.129  0.996  0.287  2.4771  0.126 99.999   1.0432   1.2427 0.000
 61.708333  61.750000   3.5404   2.136  0.856  0.239  2.4774  0.193 99.999   1.0272   1.1933 0.000
 61.750000  61.791667   3.6346   2.133  0.770  0.225  2.4949  0.160  0.082   1.2491   1.2560 0.000
 61.791667  61.833333   3.6556   2.251  0.740  0.275  2.5145  0.164  0.089   1.2469   1.2543 0.000
 61.833333  61.875000   3.4004   2.157  0.549  0.241  2.3330  0.223 99.999   0.9785   1.1460 0.000
 61.875000  61.916667   3.4090   1.940  0.505  0.213  2.3505  0.162 99.999   1.0633   1.2113 0.000
 61.916667  61.958333   3.5988   1.876  0.619  0.218  2.3797  0.138 99.999   1.1322   1.2837 0.000
 61.958333  62.000000   3.5910   1.764  0.555  0.209  2.5255  0.144 99.999   1.0744   1.2197 0.000
 62.000000  62.041667   3.7217   1.798  0.488  0.201  2.5287  0.194 99.999   1.1426   1.2823 0.000
 62.041667  62.083333   3.6882   1.695  0.520  0.193  2.6008  0.150 99.999   1.1356   1.2697 0.000
 62.083333  62.125000   3.6128   1.527  0.466  0.201  2.5381  0.160 99.999   1.0890   1.2287 0.000
 62.125000  62.166667   3.7217   1.537  0.422  0.180  2.5719  0.139 99.999   1.1042   1.2293 0.000
 62.166667  62.208333   3.9114   1.523  0.457  0.204  2.7064  0.154 99.999   1.1492   1.2910 0.000
 62.208333  62.250000   3.9216   1.455  0.456  0.169  2.6959  0.149 99.999   1.1868   1.3043 0.000
 62.250000  62.291667   3.9916   1.417  0.411  0.174  2.7122  0.182 99.999   1.2311   1.3520 0.000
 62.291667  62.333333   4.2303   1.614  0.480  0.164  2.8860  0.191 99.999   1.3523   1.4663 0.000
 62.333333  62.375000   4.3229   1.815  0.557  0.201  2.9642  0.263 99.999   1.2996   1.4393 0.000
 62.375000  62.416667   4.5461   2.063  0.494  0.198  3.0432  0.252 99.999   1.5701   1.7077 0.000
 62.416667  62.458333   4.0336   1.690  0.347  0.215  2.5591  0.183 99.999   1.5699   1.7193 0.000
 62.458333  62.500000   4.1736   1.728  0.334  0.166  2.4970  0.171 99.999   1.8179   1.9333 0.000
 62.500000  62.541667   4.2529   1.480  0.244  0.226  2.2910  0.125 99.999   2.0892   2.2463 0.000
 62.541667  62.583333   4.0802   1.375  0.195  0.181  2.0032  0.080 99.999   2.1699   2.2957 0.000
 62.583333  62.625000   3.6703   1.461  0.227  0.208  1.9434  0.133 99.999   1.7774   1.9220 0.000
 62.625000  62.666667   3.7777   1.393  0.258  0.184  2.0586  0.086 99.999   1.7998   1.9277 0.000
 62.666667  62.708333   3.9620   1.478  0.392  0.222  2.1414  0.073 99.999   1.7567   1.9110 0.000
 62.708333  62.750000   4.0756   1.398  0.290  0.211  2.2452  0.086 99.999   1.8564   2.0030 0.000
 62.750000  62.791667   4.0001   1.300  0.278  0.220  2.1688  0.107 99.999   1.7851   1.9380 0.000
 62.791667  62.833333   4.0763   1.277  0.267  0.213  2.1974  0.076 99.999   1.7900   1.9380 0.000
 62.833333  62.875000   3.9962   1.248  0.271  0.223  2.1927  0.073 99.999   1.7497   1.9047 0.000
 62.875000  62.916667   4.0553   1.210  0.214  0.199  2.2607  0.088 99.999   1.8500   1.9883 0.000
 62.916667  62.958333   4.2194   1.129  0.316  0.191  2.3817  0.092 99.999   1.8173   1.9500 0.000
 62.958333  63.000000   4.2218   1.122  0.311  0.154  2.3007  0.129 99.999   1.9787   2.0857 0.000
 63.000000  63.041667   4.2949   1.072  0.236  0.180  2.4695  0.121 99.999   1.8712   1.9963 0.000
 63.041667  63.083333   4.4683   1.191  0.284  0.178  2.6708  0.142 99.999   1.7850   1.9087 0.000
 63.083333  63.125000   4.2840   1.443  0.322  0.237  2.5524  0.138 99.999   1.6276   1.7923 0.000
 63.125000  63.166667   4.5516   1.614  0.279  0.183  2.9067  0.130 99.999   1.6281   1.7553 0.000
 63.166667  63.208333   4.7616   1.598  0.345  0.191  3.1392  0.124 99.999   1.6216   1.7543 0.000
 63.208333  63.250000   5.5821   1.470  0.370  0.160  3.7479  0.190 99.999   1.9051   2.0163 0.000
 63.250000  63.291667   6.8126   1.455  0.400  0.168  5.0065  0.238 99.999   1.9809   2.0977 0.000
 63.291667  63.333333   7.2987   1.475  0.622  0.170  5.2445  0.201 99.999   2.1902   2.3083 0.000
 63.333333  63.375000   7.7397   1.500  0.529  0.183  5.7032  0.214 99.999   2.1975   2.3247 0.000
 63.375000  63.416667   8.5314   1.666  0.457  0.196  6.2982  0.174 99.999   2.5595   2.6957 0.000
 63.416667  63.458333   7.7062   1.821  0.471  0.177  5.4250  0.170 99.999   2.5117   2.6347 0.000
 63.458333  63.500000   6.9331   2.008  0.766  0.194  4.4867  0.152 99.999   2.5012   2.6360 0.000
 63.500000  63.541667   5.3589   1.653  0.505  0.236  3.3580  0.125 99.999   2.0177   2.1817 0.000
 63.541667  63.583333   3.9200   1.318  0.323  0.189  2.5057 99.999 99.999   1.3969   1.5283 0.000
 63.583333  63.625000   2.5044   0.982  0.227  0.174  1.2994 99.999 99.999   1.1178   1.2387 0.000
 63.625000  63.666667   1.6909   0.858  0.122  0.117  0.7070 99.999 99.999   0.8767   0.9580 0.000
 63.666667  63.708333   1.6543   0.870  0.159  0.138  0.6805 99.999 99.999   0.9184   1.0143 0.000
 63.708333  63.750000   1.5789   0.836  0.179  0.113  0.6799 99.999 99.999   0.8745   0.9530 0.000
 63.750000  63.791667   1.7866   0.863  0.242  0.129  0.8750 99.999 99.999   0.9003   0.9900 0.000
 63.791667  63.833333   1.8776   0.798  0.347  0.131  1.0065  0.143 99.999   0.8243   0.9153 0.000
 63.833333  63.875000   1.9328   0.766  0.654  0.173  1.1334  0.092  0.150   0.9411   0.9537 0.000
 63.875000  63.916667   2.4080   0.880  0.858  0.311  1.3816  0.124  0.263   1.2517   1.2737 0.000
 63.916667  63.958333   2.4500   0.930  0.907  0.447  1.5228  0.101  0.288   1.1496   1.1737 0.000
 63.958333  64.000000   2.4531   1.037  0.903  0.462  1.5823  0.142  0.298   1.1124   1.1373 0.000
 64.000000  64.041667   2.4103   0.865  0.994  0.517  1.6698  0.122  0.359   1.0107   1.0407 0.000
 64.041667  64.083333   2.0821   0.937  1.531  0.638  1.5703  0.182  0.591   0.8345   0.8840 0.000
 64.083333  64.125000   1.6870   0.983  1.851  0.865  1.2956  0.195  0.823   0.7171   0.7860 0.000
 64.125000  64.166667   1.1799   1.038  2.530  1.184  0.9855  0.144  1.119   0.5676   0.6613 0.000
 64.166667  64.208333   0.9302 999.999  2.786  2.134  0.8298 99.999  1.277   0.4744   0.5813 0.000
 64.208333  64.250000   0.8322   1.109  2.956  1.689  0.7114  0.195  1.370   0.4136   0.5283 0.000
 64.250000  64.291667   0.7000   1.123  2.741  1.734  0.6621  0.176  1.357   0.3947   0.5083 0.000
 64.291667  64.333333   0.6456   1.086  2.620  1.678  0.6122  0.164  1.217   0.3608   0.4627 0.000
 64.333333  64.375000   0.6253   0.972  2.306  1.583  0.5895  0.216  1.049   0.3305   0.4183 0.000
 64.375000  64.416667   0.6658   0.924  2.151  1.476  0.6396  0.195  0.958   0.2968   0.3770 0.000
 64.416667  64.458333   0.7070   0.822  2.084  1.302  0.6650  0.176  0.858   0.2995   0.3713 0.000
 64.458333  64.500000   0.6782   0.856  1.763  1.203  0.6239  0.152  0.722   0.2546   0.3150 0.000
 64.500000  64.541667   0.6277   0.736  1.326  1.037  0.5562  0.138  0.554   0.2206   0.2670 0.000
 64.541667  64.583333   0.3788   0.654  0.769  0.778  0.3634  0.083  0.302   0.1390   0.1643 0.000
 64.583333  64.625000   0.4309   0.606  0.743  0.693  0.4101  0.094  0.271   0.1866   0.2093 0.000
 64.625000  64.666667   0.3197   0.590  0.359  0.575  0.2590  0.024  0.164   0.1360   0.1497 0.000
 64.666667  64.708333   0.3399   0.517  0.343  0.506  0.3272  0.040  0.120   0.1450   0.1550 0.000
 64.708333  64.750000   0.2411   0.523  0.268  0.399  0.2427 99.999  0.087   0.0920   0.0993 0.000
 64.750000  64.791667   0.2178   0.500  0.194  0.387  0.2243 99.999  0.067   0.1084   0.1140 0.000
 64.791667  64.833333   0.2279   0.491  0.191  0.355  0.2319 99.999  0.060   0.0917   0.0967 0.000
 64.833333  64.875000   0.2886   0.506  0.301  0.286  0.2298  0.082  0.061   0.1002   0.1053 0.000
 64.875000  64.916667   0.3134   0.525  0.184  0.324  0.3147  0.049  0.066   0.1155   0.1210 0.000
 64.916667  64.958333   0.4029   0.699  0.203  0.356  0.4308  0.087  0.051   0.1394   0.1437 0.000
 64.958333  65.000000   0.3632   0.767  0.167  0.320  0.3803  0.062  0.052   0.1086   0.1130 0.000
 65.000000  65.041667   0.3904   0.807  0.115  0.299  0.3943  0.099  0.044   0.1113   0.1150 0.000
 65.041667  65.083333   0.3049   0.669  0.176  0.238  0.3124  0.058  0.051   0.0924   0.0967 0.000
 65.083333  65.125000   0.2886   0.676  0.183  0.231  0.2759  0.058  0.049   0.1056   0.1097 0.000
 65.125000  65.166667   0.2699   0.563  0.143  0.210  0.2724  0.063  0.062   0.0915   0.0967 0.000
 65.166667  65.208333   0.2784   0.560  0.154  0.210  0.3027  0.051  0.056   0.1023   0.1070 0.000
 65.208333  65.250000   0.3142   0.551  0.189  0.183  0.3036 99.999  0.055   0.1127   0.1173 0.000
 65.250000  65.291667   0.3064   0.523  0.170  0.208  0.2800  0.095  0.055   0.1251   0.1297 0.000
 65.291667  65.333333   0.3632   0.542  0.257  0.197  0.3188  0.043  0.066   0.1262   0.1317 0.000
 65.333333  65.375000   0.5343   0.605  0.537  0.218  0.4215 99.999  0.096   0.1760   0.1840 0.000
 65.375000  65.416667   0.6844   0.816  0.570  0.246  0.5483  0.043  0.133   0.2309   0.2420 0.000
 65.416667  65.458333 999.9999 999.999  0.543 99.999  0.4903  0.068  0.902   0.1448   0.2203 0.000
 65.458333  65.500000 999.9999 999.999  0.474  0.838  0.5437 99.999 99.999  -0.3654   0.2170 0.000
 65.500000  65.541667   0.3562 999.999  0.336  0.803  0.4121  0.036  0.065   0.1906   0.1960 0.000
 65.541667  65.583333   0.3150 999.999  0.274  0.842  0.3972  0.046  0.058   0.1741   0.1790 0.000
 65.583333  65.625000   0.3337 999.999  0.277  0.820  0.4810 99.999  0.051   0.1260   0.1303 0.000
 65.625000  65.666667   0.2761   0.012  0.209  0.764  0.4241  0.066  0.048   0.1277   0.1317 0.000
 65.666667  65.708333   0.2504 999.999  0.203  0.707  0.3774 99.999 99.999  -0.3671   0.1243 0.000
 65.708333  65.750000   0.2458 999.999  0.189  0.675  0.4197  0.048 99.999  -0.3424   0.1267 0.000
 65.750000  65.791667   0.2504 999.999  0.138  0.608  0.4261 99.999 99.999  -0.2836   0.1390 0.000
 65.791667  65.833333   0.2948 999.999  0.175  0.537  0.4355 99.999  0.041   0.1329   0.1363 0.000
 65.833333  65.875000   0.3928 999.999  0.257  0.529  0.5463  0.043 99.999  -0.1480   0.2197 0.000
 65.875000  65.916667   0.4620 999.999  0.224  0.528  0.5690  0.143 99.999  -0.1163   0.2507 0.000
 65.916667  65.958333   0.4884 999.999  0.235  0.558  0.5836  0.050 99.999  -0.1465   0.2413 0.000
 65.958333  66.000000   0.4410   0.030  0.200  0.526  0.5442  0.056 99.999  -0.1229   0.2427 0.000
 66.000000  66.041667   0.5071 999.999  0.141  0.495  0.5370 99.999 99.999  -0.0663   0.2777 0.000
 66.041667  66.083333   0.5266   0.058  0.164  0.557  0.6627  0.076 99.999  -0.0954   0.2917 0.000
 66.083333  66.125000   0.5406 999.999  0.169  0.465  0.5722 99.999 99.999  -0.0415   0.2817 0.000
 66.125000  66.166667   0.5530 999.999  0.190  0.493  0.6192  0.036 99.999  -0.0149   0.3277 0.000
 66.166667  66.208333   0.6712 999.999  0.236  0.541  0.7163  0.074 99.999  -0.0287   0.3473 0.000
 66.208333  66.250000   0.6642 999.999  0.217  0.537  0.7064  0.087 99.999   0.0098   0.3830 0.000
 66.250000  66.291667   0.6634 999.999  0.149  0.518  0.6851  0.108 99.999   0.0043   0.3643 0.000
 66.291667  66.333333   0.6953 999.999  0.173  0.539  0.7117  0.053 99.999   0.0064   0.3810 0.000
 66.333333  66.375000   0.7350 999.999  0.196  0.479  0.7408  0.067 99.999   0.0308   0.3637 0.000
 66.375000  66.416667   0.6471 999.999  0.164  0.556  0.7400  0.045 99.999  -0.0484   0.3380 0.000
 66.416667  66.458333   0.4309 999.999  0.134  0.504  0.5332 99.999 99.999  -0.1066   0.2437 0.000
 66.458333  66.500000   0.4527 999.999  0.201  0.569  0.6070 99.999 99.999  -0.1385   0.2570 0.000
 66.500000  66.541667   0.4566 999.999  0.140  0.597  0.6218  0.043 99.999  -0.1606   0.2543 0.000
 66.541667  66.583333   0.4628 999.999  0.163  0.611  0.6408 99.999 99.999  -0.1669   0.2577 0.000
 66.583333  66.625000   0.5670   0.030  0.163  0.617  0.7222  0.034 99.999  -0.0955   0.3333 0.000
 66.625000  66.666667   0.7436 999.999  0.130  0.647  0.8336  0.059 99.999  -0.0280   0.4217 0.000
 66.666667  66.708333   0.7599 999.999  0.124  0.746  0.8741 99.999 99.999  -0.1285   0.3900 0.000
 66.708333  66.750000   0.9784 999.999  0.184  0.924  1.0838 99.999 99.999  -0.1902   0.4520 0.000
 66.750000  66.791667   1.1449 999.999  0.143  1.175  1.1212  0.079 99.999  -0.3043   0.5123 0.000
 66.791667  66.833333   1.3323 999.999  0.176  1.026  1.2005  0.074 99.999   0.0722   0.7853 0.000
 66.833333  66.875000   1.4607   0.002  0.158  0.888  1.1795  0.051 99.999   0.2491   0.8663 0.000
 66.875000  66.916667   1.3658 999.999  0.118  0.840  1.2232  0.082 99.999   0.1849   0.7687 0.000
 66.916667  66.958333   1.2382   0.021  0.181  0.749  1.2463  0.065 99.999   0.0524   0.5730 0.000
 66.958333  67.000000   1.1760 999.999  0.141  0.755  1.2127  0.078 99.999  -0.0657   0.4590 0.000
 67.000000  67.041667   1.1286 999.999  0.086  0.761  1.2145  0.066 99.999  -0.1062   0.4227 0.000
 67.041667  67.083333   1.2351 999.999  0.096  0.771  1.3297  0.087 99.999  -0.1115   0.4243 0.000
 67.083333  67.125000   1.5462 999.999  0.103  0.863  1.6526  0.063 99.999  -0.0928   0.5070 0.000
 67.125000  67.166667   1.8604 999.999  0.068  1.063  1.9358  0.110 99.999  -0.2055   0.5333 0.000
 67.166667  67.208333   2.0798 999.999  0.065  1.206  2.1659  0.087 99.999  -0.2935   0.5447 0.000
 67.208333  67.250000   2.3956   0.032  0.071  1.224  2.5025  0.074 99.999  -0.2454   0.6053 0.000
 67.250000  67.291667   2.5993 999.999  0.058  1.260  2.6819  0.126 99.999  -0.2357   0.6400 0.000
 67.291667  67.333333   2.9291 999.999  0.072  1.364  2.9207  0.102 99.999  -0.2250   0.7230 0.000
