db/R_TOOLS/emepPackagesTesting/emep_data/TT/TT0006R.bad.nas
67 1001
Name, Surname
TT06, Institute of Testing, IoT, , "Test Str., 12345 Testity, Testland", , , , 
Name, Surname
TEST
1 1
2012 01 01 2015 09 24
0.041667
days from file reference point
21
1 1 1 1 1 1 1 1 1 1 1 1 1 1 1 1 1 1 1 1 1
999.999999 99999.99 999.99 999.99 999.999999 999.9999999 999.999999 999.9999999 999.999999 999.9999999 999.999999 999.9999999 999.999999 999.9999999 999.999999 999.9999999 999.999999 999.9999999 999.999999 999.9999999 9.999999
end_time of measurement, days from the file reference point
pressure, hPa, Location=external, Statistics=arithmetic mean, Matrix=instrument, Detection limit expl.=, Measurement uncertainty expl.=
relative_humidity, %, Location=external, Statistics=arithmetic mean, Matrix=instrument, Detection limit expl.=, Measurement uncertainty expl.=
temperature, K, Location=external, Statistics=arithmetic mean, Matrix=instrument, Detection limit expl.=, Measurement uncertainty expl.=
nitrogen_dioxide_plus, nmol/mol, Statistics=arithmetic mean, Calibration scale=NPL+GPT, Volume std. temperature=, Volume std. pressure=, Detection limit=0.5 nmol/mol, Measurement uncertainty=0.5 nmol/mol
nitrogen_dioxide_plus, ug N/m3, Statistics=arithmetic mean, Calibration scale=NPL+GPT, Detection limit=0.3124614 ug N/m3, Measurement uncertainty=0.3124614 ug N/m3
nitrogen_dioxide_plus, nmol/mol, Statistics=percentile:15.87, Volume std. temperature=, Volume std. pressure=, Detection limit=0.5 nmol/mol, Measurement uncertainty=0.5 nmol/mol
nitrogen_dioxide_plus, ug N/m3, Statistics=percentile:15.87, Detection limit=0.3124614 ug N/m3, Measurement uncertainty=0.3124614 ug N/m3
nitrogen_dioxide_plus, nmol/mol, Statistics=percentile:84.13, Volume std. temperature=, Volume std. pressure=, Detection limit=0.5 nmol/mol, Measurement uncertainty=0.5 nmol/mol
nitrogen_dioxide_plus, ug N/m3, Statistics=percentile:84.13, Detection limit=0.3124614 ug N/m3, Measurement uncertainty=0.3124614 ug N/m3
nitrogen_dioxide_plus, nmol/mol, Statistics=uncertainty, Volume std. temperature=, Volume std. pressure=, Detection limit=0.5 nmol/mol, Measurement uncertainty=0.5 nmol/mol
nitrogen_dioxide_plus, ug N/m3, Statistics=uncertainty, Detection limit=0.3124614 ug N/m3, Measurement uncertainty=0.3124614 ug N/m3
nitrogen_monoxide, nmol/mol, Statistics=arithmetic mean, Calibration scale=NPL, Volume std. temperature=, Volume std. pressure=, Detection limit=0.5 nmol/mol, Measurement uncertainty=0.5 nmol/mol
nitrogen_monoxide, ug N/m3, Statistics=arithmetic mean, Calibration scale=NPL, Detection limit=0.3124614 ug N/m3, Measurement uncertainty=0.3124614 ug N/m3
nitrogen_monoxide, nmol/mol, Statistics=percentile:15.87, Volume std. temperature=, Volume std. pressure=, Detection limit=0.5 nmol/mol, Measurement uncertainty=0.5 nmol/mol
nitrogen_monoxide, ug N/m3, Statistics=percentile:15.87, Detection limit=0.3124614 ug N/m3, Measurement uncertainty=0.3124614 ug N/m3
nitrogen_monoxide, nmol/mol, Statistics=percentile:84.13, Volume std. temperature=, Volume std. pressure=, Detection limit=0.5 nmol/mol, Measurement uncertainty=0.5 nmol/mol
nitrogen_monoxide, ug N/m3, Statistics=percentile:84.13, Detection limit=0.3124614 ug N/m3, Measurement uncertainty=0.3124614 ug N/m3
nitrogen_monoxide, nmol/mol, Statistics=uncertainty, Volume std. temperature=, Volume std. pressure=, Detection limit=0.5 nmol/mol, Measurement uncertainty=0.5 nmol/mol
nitrogen_monoxide, ug N/m3, Statistics=uncertainty, Detection limit=0.3124614 ug N/m3, Measurement uncertainty=0.3124614 ug N/m3
numflag, no unit
0
32
Data definition:              EBAS_1.1
Set type code:                TU
Timezone:                     UTC
File name:                    TT0006R.bad.nas
File creation:                20160926091448
Startdate:                    20120101000000
Revision date:                20150924122302
Version:                      1
Version description:          first revision
Data level:                   1.5
Period code:                  1y
Resolution code:              1h
Sample duration:              1h
Orig. time res.:              1mn
Station code:                 TT0006R
Platform code:                TT0006S
Station name:                 TestStation06
Station latitude:             06.60
Station longitude:            06.60
Station altitude:             06.0m
Measurement height:           3.5m
Regime:                       IMG
Component:                    
Unit:                         
Matrix:                       air
Instrument type:              chemiluminescence_photometer
Laboratory code:              TT06L
Instrument name:              InstrumentName06
Method ref:                   TestRef06
Originator:                   Name, Surname, , , , , , , , , 
Submitter:                    Name, Surname, , , , , , , , , 
starttime endtime P rH temperature nitrogen_dioxide_plus nitrogen_dioxide_plus nitrogen_dioxide_plus nitrogen_dioxide_plus nitrogen_dioxide_plus nitrogen_dioxide_plus nitrogen_dioxide_plus nitrogen_dioxide_plus NO NO NO NO NO NO NO NO flag
[from data line 8471]
352.958333 353.000000  1005.40  91.10   4.20   7.900290   4.9370714  14.402120   9.0002133  15.246960   9.5281731   1.834089   1.1461641   1.936858   1.2103867   1.775132   1.1093205   3.357728   2.0983208   0.751491   0.4696239 0.000000
353.000000 353.041667  1005.95  91.10   3.95   7.563461   4.7265793  13.607880   8.5038746  14.750440   9.2178864   1.778487   1.1114171   2.927366   1.8293778   3.225904   2.0159410   4.331500   2.7068532   0.635149   0.3969191 0.000000
353.041667 353.083333  1006.40  91.10   4.00   7.992949   4.9949762  14.653560   9.1573439  15.293720   9.5573945   1.835694   1.1471671   2.290531   1.4314051   2.649968   1.6560255   3.365404   2.1031177   0.472109   0.2950317 0.000000
353.083333 353.125000  1006.85  91.10   4.00   7.680657   4.7998178  13.833520   8.6448822  15.011640   9.3811163   1.828711   1.1428032   2.242570   1.4014332   2.485520   1.5532581   3.439156   2.1492070   0.486554   0.3040587 0.000000
353.125000 353.166667  1007.10  91.10   4.00   7.482701   4.6761105  13.533040   8.4571054  14.462360   9.0378587   1.738658   1.0865270   2.543884   1.5897311   3.084836   1.9277844   3.571804   2.2321018   0.428953   0.2680625 0.000000
353.166667 353.208333  1007.40  91.10   3.95   7.807815   4.8792817  14.263200   8.9133991  14.993680   9.3698927   1.797947   1.1235781   2.978949   1.8616132   3.560528   2.2250552   4.210928   2.6315050   0.501314   0.3132826 0.000000
353.208333 353.250000  1007.70  91.10   3.85   8.001081   5.0000580  14.609440   9.1297723  15.301960   9.5625439   1.844148   1.1524502   4.258271   2.6610907   4.760576   2.9749925   6.373812   3.9831405   0.970072   0.6062201 0.000000
353.250000 353.291667  1008.25  91.10   3.80   7.716500   4.8222169  14.162640   8.8505568  14.739000   9.2107373   1.771267   1.1069052   5.413127   3.3827865   6.132452   3.8323091   7.669224   4.7926730   1.036235   0.6475669 0.000000
353.291667 353.333333  1008.70  91.10   3.80   7.527261   4.7039571  13.703200   8.5634423  14.429120   9.0170862   1.727921   1.0798172   6.747535   4.2166885   7.928780   4.9548755   9.078332   5.6732568   1.134954   0.7092586 0.000000
353.333333 353.375000  1009.35  91.10   3.65   7.176554   4.4847923  13.028480   8.1417944  13.765560   8.6024125   1.654941   1.0342104   9.605406   6.0026373  10.208800   6.3797120  13.952000   8.7189231   2.615794   1.6346693 0.000000
353.375000 353.416667  1009.95  91.10   3.65   6.286208   3.9283948  11.396280   7.1217953  12.071280   7.5436182   1.429861   0.8935528  13.530842   8.4557318  16.479080  10.2981530  17.671960  11.0436109   2.139384   1.3369499 0.000000
353.416667 353.458333  1010.55  91.10   3.35   6.399960   3.9994810  11.650440   7.2806257  12.216920   7.6346320   1.443446   0.9020423  13.489819   8.4300956  15.421280   9.6371097  19.188120  11.9910939   2.722828   1.7015573 0.000000
353.458333 353.500000  1010.90  91.10   3.70   6.101519   3.8129784  11.013400   6.8825249  11.668240   7.2917494   1.393608   0.8708974  12.295762   7.6839022  14.135000   8.8332839  16.512920  10.3193004   2.146478   1.3413831 0.000000
353.500000 353.541667  1010.90  91.10   3.90   6.127634   3.8292983  11.044880   6.9021975  11.714480   7.3206458   1.385194   0.8656393   8.831818   5.5192045  10.055640   6.2839988  13.088200   8.1791147   1.900616   1.1877383 0.000000
353.541667 353.583333  1010.95  91.10   4.30   6.465475   4.0404228  11.625000   7.2647277  12.474360   7.7955121   1.491423   0.9320243   8.122164   5.0757256   9.270048   5.7930645  11.432680   7.1445425   1.802734   1.1265696 0.000000
353.583333 353.625000  1011.10  91.10   4.65   6.651645   4.1567647  12.061440   7.5374690  12.757440   7.9724153   1.518085   0.9486859  10.267410   6.4163387  12.147720   7.5913873  13.748560   8.5917888   1.741554   1.0883368 0.000000
353.625000 353.666667  1011.45  91.10   4.10   6.811771   4.2568311  12.379400   7.7361695  12.940960   8.0871011   1.543529   0.9645865   9.908475   6.1920321  11.992120   7.4941494  12.861720   8.0375822   1.722642   1.0765183 0.000000
353.666667 353.708333  1011.95  91.10   3.50   7.501764   4.6880235  12.810520   8.0055862  15.260360   9.5365471   2.011248   1.2568748  11.251103   7.0310709  12.689080   7.9296956  16.508400  10.3164757   2.277706   1.4233904 0.000000
353.708333 353.750000  1012.45  91.10   3.40   7.526982   4.7037828  13.730640   8.5805902  14.480880   9.0494322   1.731535   1.0820757  12.778913   7.9858342  15.184880   9.4893779  16.945280  10.5894920   2.098931   1.3116699 0.000000
353.750000 353.791667  1012.65  91.10   3.25   7.144181   4.4645617  12.965680   8.1025492  13.853680   8.6574807   1.644979   1.0279849  13.930692   8.7056072  15.692760   9.8067637  19.576360  12.2337139   2.777307   1.7356025 0.000000
353.791667 353.833333  1012.85  91.10   3.25   7.719646   4.8241829  14.108200   8.8165360  14.796880   9.2469079   1.782540   1.1139499  12.924129   8.0765830  15.418440   9.6353349  17.205120  10.7518720   2.149925   1.3435372 0.000000
353.833333 353.875000  1013.10  91.10   3.20   7.309780   4.5680483  13.310440   8.3179976  14.046160   8.7777658   1.683528   1.0520751  13.363959   8.3514428  16.239760  10.1485965  17.389200  10.8669078   2.125204   1.3280885 0.000000
353.875000 353.916667  1013.00  91.10   3.05   7.025338   4.3902940  12.909080   8.0671786  13.399080   8.3733907   1.599882   0.9998028  14.301016   8.9370311  17.691440  11.0557844  18.189800  11.3672210   2.210533   1.3814125 0.000000
353.916667 353.958333  1013.10  91.10   3.00   6.826842   4.2662493  12.372920   7.7321200  13.068160   8.1665913   1.557111   0.9730742  14.310132   8.9427279  17.724520  11.0764569  18.276680  11.4215143   2.210709   1.3815225 0.000000
353.958333 354.000000  1013.05  91.10   3.00   6.536960   4.0850954  11.685920   7.3027980  12.618840   7.8858010   1.510979   0.9442452  14.759519   9.2235601  18.196320  11.3712955  18.945160  11.8392627   2.297546   1.4357889 0.000000
354.000000 354.041667  1012.95  91.10   3.00   6.489603   4.0555010  11.745840   7.3402434  12.443760   7.7763895   1.475357   0.9219842  13.896046   8.6839561  16.595280  10.3707690  18.297200  11.4343377   2.272961   1.4204252 0.000000
354.041667 354.083333  1012.85  91.10   2.95   7.072277   4.4196272  12.916960   8.0721030  13.559960   8.4739283   1.613402   1.0082517  12.669601   7.9175227  15.678200   9.7976648  16.237800  10.1473716   1.956516   1.2226715 0.000000
354.083333 354.125000  1012.60  91.10   2.85   6.852817   4.2824817  12.515520   7.8212340  13.021120   8.1371949   1.550989   0.9692484  12.383861   7.7389572  15.285080   9.5519952  15.954560   9.9703685   1.918104   1.1986669 0.000000
354.125000 354.166667  1012.35  91.10   2.70   7.035623   4.3967213  12.870960   8.0433565  13.428360   8.3916885   1.596571   0.9977336  13.833410   8.6448135  16.763000  10.4755811  17.996800  11.2466109   2.192483   1.3701326 0.000000
354.166667 354.208333  1012.05  91.10   2.70   6.807709   4.2542927  12.471600   7.7937873  12.965640   8.1025242   1.544805   0.9653839  15.290898   9.5556310  18.270560  11.4176897  19.943600  12.4632106   2.462069   1.5386031 0.000000
354.208333 354.250000  1011.75  91.10   2.70   6.638431   4.1485070  11.860760   7.4120595  12.848040   8.0290333   1.559124   0.9743322  16.446914  10.2780517  20.113600  12.5694475  21.099800  13.1857463   2.577405   1.6106792 0.000000
354.250000 354.291667  1011.50  91.10   2.80   5.895161   3.6840206  10.562400   6.6006847  11.461800   7.1627403   1.359141   0.8493582  14.683917   9.1763147  17.091800  10.6810557  19.644200  12.2761087   2.566855   1.6040862 0.000000
354.291667 354.333333  1011.25  91.10   2.70   3.757325   2.3480381  -0.000287  -0.0001794  12.182600   7.6131846   5.900796   3.6875420   7.086796   4.4287005  -0.000256  -0.0001600  14.215680   8.8837027   8.940769   5.5872905 0.000000
354.333333 354.375000  1011.00  91.10   2.70   6.464760   4.0399760  11.798520   7.3731643  12.283000   7.6759269   1.455983   0.9098770   8.171116   5.1063168   9.494664   5.9334321  11.014240   6.8830498   1.488870   0.9304288 0.000000
354.375000 354.416667 99999.99 999.99 999.99   6.598404   4.1234932  12.066080   7.5403686  12.564040   7.8515552   1.495304   0.9344496   9.358103   5.8480920  11.069040   6.9172956  12.610760   7.8807516   1.573908   0.9835710 0.000000
354.416667 354.458333  1010.30  91.10   2.50   6.604331   4.1271971  11.917320   7.4474051  12.594160   7.8703779   1.539815   0.9622655   9.188469   5.7420839  10.293760   6.4328054  12.740600   7.9618916   1.742095   1.0886749 0.000000
354.458333 354.500000  1010.00  91.10   2.70   6.168479   3.8548232  10.529240   6.5799623  12.443480   7.7762145   1.621646   1.0134036   5.354843   3.3463635   5.038600   3.1487361   8.328596   5.2047296   1.770601   1.1064890 0.000000
354.500000 354.541667  1009.25  91.10   3.30   5.126499   3.2036662   2.385522   1.4907671  11.018120   6.8854745   8.140544   5.0872116   0.870686   0.5441115   0.000077   0.0000481   2.058788   1.2865836   1.650765   1.0316007 0.000000
354.541667 354.583333  1008.55  91.05   3.35   4.536287   2.8348292   7.667180   4.7913957   9.288784   5.8047730   1.213523   0.7583582   0.458593   0.2865852   0.492230   0.3076058   0.982048   0.6137042   0.246566   0.1540847 0.000000
354.583333 354.625000  1007.75  88.80   2.20   4.078454   2.5487189   7.206024   4.5032088   7.801080   4.8750728   0.917971   0.5736610   0.149482   0.0934147   0.112148   0.0700838   0.568373   0.3551893   0.225869   0.1411507 0.000000
354.625000 354.666667  1007.40  84.40   2.25   3.505254   2.1905132   6.056756   3.7850050   6.687640   4.1792588   0.768855   0.4804750   0.004079   0.0025491  -0.049913  -0.0311918   0.317728   0.1985555   0.207127   0.1294384 0.000000
354.666667 354.708333  1006.95  83.35   1.80   3.343017   2.0891276   5.667632   3.5418325   6.523104   4.0764365   0.777240   0.4857150   0.000000   0.0000000  -0.086516  -0.0540658   0.301560   0.1884517   0.263600   0.1647297 0.000000
354.708333 354.750000  1006.50  82.70   1.20   3.061430   1.9131574   5.319904   3.3245294   5.767628   3.6043223   0.647279   0.4044994   0.003755   0.0023466  -0.137587  -0.0859813   0.362322   0.2264233   0.229398   0.1433560 0.000000
354.750000 354.791667  1006.10  81.70   1.20   3.193076   1.9954260   5.338588   3.3362054   6.317484   3.9479399   0.763993   0.4774367   0.012279   0.0076734  -0.127243  -0.0795171   0.420249   0.2626232   0.287455   0.1796372 0.000000
354.791667 354.833333  1005.60  81.70   1.05   3.620461   2.2625087   6.389940   3.9932193   6.860560   4.2873204   0.769529   0.4808962   0.039805   0.0248751  -0.020800  -0.0129984   0.396158   0.2475682   0.237713   0.1485523 0.000000
354.833333 354.875000  1005.05  81.70   0.85   3.713220   2.3204759   6.314916   3.9463351   7.123388   4.4515677   0.840029   0.5249533   0.000000   0.0000000  -0.104116  -0.0650645   0.344454   0.2152572   0.233124   0.1456845 0.000000
354.875000 354.916667  1004.70  81.25   0.55   3.328245   2.0798962   5.681636   3.5505839   6.486644   4.0536518   0.765811   0.4785728   0.000000   0.0000000  -0.149897  -0.0936741   0.368464   0.2302616   0.251401   0.1571062 0.000000
354.916667 354.958333  1004.30  76.00   0.15   3.440563   2.1500863   5.997928   3.7482420   6.528748   4.0799636   0.744012   0.4649501   0.006662   0.0041632  -0.107344  -0.0670817   0.366788   0.2292142   0.250947   0.1568225 0.000000
354.958333 355.000000  1003.85  74.70  -0.20   3.614275   2.2586429   6.271764   3.9193684   6.827072   4.2663930   0.859671   0.5372280   0.003798   0.0023735  -0.116300  -0.0726785   0.393174   0.2457034   0.260026   0.1624962 0.000000
355.000000 355.041667  1003.60  76.70  -0.75   3.847566   2.4044318   6.723616   4.2017410   7.353044   4.5950849   0.848525   0.5302626   0.000000   0.0000000  -0.140728  -0.0879441   0.340405   0.2127268   0.277085   0.1731567 0.000000
355.041667 355.083333  1003.20  77.35  -0.90   3.910727   2.4439025   6.981720   4.3630361   7.368180   4.6045438   0.831315   0.5195077   0.000000   0.0000000  -0.125013  -0.0781235   0.313728   0.1960558   0.239313   0.1495522 0.000000
355.083333 355.125000  1002.95  76.40  -0.95   3.661219   2.2879793   6.363324   3.9765863   6.922296   4.3259007   0.797771   0.4985453   0.023399   0.0146226  -0.017219  -0.0107605   0.430376   0.2689518   0.235895   0.1474162 0.000000
355.125000 355.166667  1002.50  74.90  -1.00   3.994932   2.4965241   6.872480   4.2947695   7.819944   4.8868614   0.946870   0.5917207   0.010822   0.0067629  -0.034417  -0.0215080   0.403264   0.2520089   0.228984   0.1430973 0.000000
355.166667 355.208333  1002.10  73.95  -1.35   4.265849   2.6658264   7.603560   4.7516381   8.104568   5.0647294   0.944103   0.5899915   0.007521   0.0047000  -0.109839  -0.0686409   0.366694   0.2291554   0.276221   0.1726168 0.000000
355.208333 355.250000  1001.70  76.80  -1.65   4.113246   2.5704613   7.385856   4.6155899   7.745896   4.8405871   0.879842   0.5498333   0.014973   0.0093570  -0.116126  -0.0725698   0.334758   0.2091979   0.224930   0.1405639 0.000000
355.250000 355.291667  1001.70  76.75  -1.65   4.312680   2.6950921   7.398552   4.6235239   8.472228   5.2944885   1.017372   0.6357790   0.085630   0.0535121   0.026369   0.0164786   0.480960   0.3005629   0.233779   0.1460938 0.000000
355.291667 355.333333  1001.70  78.65  -2.45   4.615281   2.8841944   8.239528   5.1490690   8.783408   5.4889520   1.014548   0.6340142   0.281713   0.1760489   0.232802   0.1454833   0.815488   0.5096171   0.331352   0.2070694 0.000000
355.333333 355.375000  1001.60  81.00  -3.05   4.444272   2.7773270   7.973760   4.9829845   8.422612   5.2634824   0.980572   0.6127818   1.145795   0.7160334   1.047012   0.6543017   2.140308   1.3375273   0.485474   0.3033838 0.000000
355.375000 355.416667  1001.75  81.65  -2.85   4.404556   2.7525075   7.774192   4.8582699   8.492664   5.3072595   0.985918   0.6161226   1.950335   1.2188088   2.269716   1.4183973   2.868932   1.7928611   0.371061   0.2318845 0.000000
355.416667 355.458333  1002.00  79.45  -1.95   4.166805   2.6039315   7.339748   4.5867760   7.985040   4.9900336   0.930737   0.5816388   1.881702   1.1759185   2.161292   1.3506407   2.823860   1.7646945   0.381240   0.2382456 0.000000
355.458333 355.500000  1002.15  75.60  -1.15   4.263224   2.6641859   7.645044   4.7775624   8.050876   5.0311761   0.932854   0.5829617   1.169501   0.7308479   1.326832   0.8291676   1.945552   1.2158198   0.316885   0.1980287 0.000000
355.500000 355.541667  1002.10  73.10  -0.80   4.153742   2.5957681   7.436904   4.6474910   7.807092   4.8788299   0.894335   0.5588903   1.091398   0.6820395   1.345708   0.8409636   1.682832   1.0516401   0.216867   0.1355251 0.000000
355.541667 355.583333  1002.00  72.15  -0.60   4.516459   2.8224383   7.701988   4.8131480   8.895344   5.5589034   1.085963   0.6786431   1.081584   0.6759065   1.285432   0.8032958   1.739368   1.0869707   0.262164   0.1638323 0.000000
355.583333 355.625000  1002.00  71.50  -0.65   5.644914   3.5276355   9.262396   5.7882826  11.489680   7.1801631   1.588064   0.9924174   0.823205   0.5144396   0.889427   0.5558232   1.468752   0.9178566   0.322777   0.2017107 0.000000
355.625000 355.666667  1002.20  73.90  -1.35   6.938467   4.3360063  12.549200   7.8422814  13.318360   8.3229470   1.596347   0.9975937   0.240086   0.1500352   0.189079   0.1181598   0.704106   0.4400119   0.251960   0.1574556 0.000000
355.666667 355.708333  1002.50  76.40  -1.70   6.947925   4.3419168  12.563200   7.8510303  13.387720   8.3662916   1.603353   1.0019719   0.176521   0.1103120   0.124096   0.0775504   0.581636   0.3634776   0.233358   0.1458307 0.000000
