db/R_TOOLS/emepPackagesTesting/emep_data/TT/TT0004R.good.nas
71 1001
Name, Surname
TT04, Institute of Testing, IoT, , "Test Str., 12345 Testity, Testland", , , , 
Name, Surname
TEST
1 1
2013 01 01 2014 05 01
1.000000
days from file reference point
29
1 1 1 1 1 1 1 1 1 1 1 1 1 1 1 1 1 1 1 1 1 1 1 1 1 1 1 1 1
999.999999 9.99 9.999 99.99 9.999 9.99 9.999 99.99 9.999 9.99 9.999 9.99 9.999 9.99 9.999 9.99 9.999 99.99 9.999 99.999 9.999 99.99 9.999 9.99 9.999 99.99 9.999 99.99 9.999
end_time of measurement, days from the file reference point
ammonia, ug N/m3, Matrix=air, Method ref=NO01L_IC_air
numflag ammonia, no unit, Matrix=air, Method ref=NO01L_IC_air
ammonium, ug N/m3
numflag ammonium, no unit
calcium, ug/m3
numflag calcium, no unit
chloride, ug/m3
numflag chloride, no unit
magnesium, ug/m3
numflag magnesium, no unit
nitrate, ug N/m3
numflag nitrate, no unit
nitric_acid, ug N/m3, Matrix=air, Method ref=NO01L_IC_air
numflag nitric_acid, no unit, Matrix=air, Method ref=NO01L_IC_air
potassium, ug/m3
numflag potassium, no unit
sodium, ug/m3
numflag sodium, no unit
sulphate_corrected, ug S/m3
numflag sulphate_corrected, no unit
sulphate_total, ug S/m3
numflag sulphate_total, no unit
sulphur_dioxide, ug S/m3, Matrix=air, Method ref=NO01L_IC_air
numflag sulphur_dioxide, no unit, Matrix=air, Method ref=NO01L_IC_air
sum_ammonia_and_ammonium, ug N/m3, Matrix=air+aerosol, Method ref=NO01L_IC_air+aero
numflag sum_ammonia_and_ammonium, no unit, Matrix=air+aerosol, Method ref=NO01L_IC_air+aero
sum_nitric_acid_and_nitrate, ug N/m3, Matrix=air+aerosol, Method ref=NO01L_IC_air+aero
numflag sum_nitric_acid_and_nitrate, no unit, Matrix=air+aerosol, Method ref=NO01L_IC_air+aero
0
28
Data definition:              EBAS_1.1
Set type code:                TU
Timezone:                     UTC
File name:                    TT0004R.good.nas
File creation:                20151130125131
Startdate:                    20130101070000
Revision date:                20140501000000
Statistics:                   arithmetic mean
Data level:                   
Period code:                  1y
Resolution code:              1d
Station code:                 TT0004R
Platform code:                TT0004S
Station name:                 TestStation04
Station latitude:             04.40
Station longitude:            04.40
Station altitude:             04.0m
Regime:                       IMG
Component:                    
Unit:                         
Matrix:                       aerosol
Instrument type:              filter_3pack
Laboratory code:              TT04L
Instrument name:              InstrumentName04
Method ref:                   TestRef04
Originator:                   Name, Surname, , , , , , , , , 
Submitter:                    Name, Surname, , , , , , , , , 
starttime endtime NH3 flag_NH3 NH4+ flag_NH4+ Ca++ flag_Ca++ Cl- flag_Cl- Mg++ flag_Mg++ NO3- flag_NO3- HNO3 flag_HNO3 K+ flag_K+ Na+ flag_Na+ XSO4-- flag_XSO4-- SO4-- flag_SO4-- SO2 flag_SO2 NH3+NH4 flag_NH3+NH4 HNO3+NO3 flag_HNO3+NO3
[from data line 348]
348.291667 349.291667 0.19 0.000  0.01 0.781 0.02 0.000  0.02 0.781 0.01 0.781 0.06 0.000 0.05 0.000 0.02 0.000  0.09 0.000  0.047 0.000  0.05 0.000 0.02 0.781  0.20 0.000  0.11 0.000
349.291667 350.291667 0.20 0.000  0.01 0.781 0.15 0.000  0.16 0.000 0.02 0.000 0.08 0.000 0.04 0.000 0.02 0.000  0.21 0.000  0.052 0.000  0.07 0.000 0.02 0.781  0.20 0.000  0.13 0.000
350.291667 351.291667 0.13 0.000  0.01 0.781 0.05 0.000  0.41 0.000 0.06 0.000 0.17 0.000 0.03 0.000 0.08 0.000  0.46 0.000  0.041 0.000  0.08 0.000 0.02 0.781  0.14 0.000  0.20 0.000
351.291667 352.291667 0.37 0.000  0.17 0.000 0.02 0.000  0.04 0.000 0.02 0.000 0.32 0.000 0.16 0.000 0.07 0.000  0.23 0.000  0.126 0.000  0.14 0.000 0.02 0.781  0.55 0.000  0.48 0.000
352.291667 353.291667 0.36 0.000  0.97 0.000 0.02 0.000  0.06 0.000 0.01 0.000 0.92 0.000 0.25 0.000 0.12 0.000  0.26 0.000  0.203 0.000  0.21 0.000 0.02 0.781  1.33 0.000  1.17 0.000
353.291667 354.291667 0.49 0.000  0.30 0.000 0.02 0.000  0.11 0.000 0.04 0.000 0.54 0.000 0.18 0.000 0.06 0.000  0.37 0.000  0.069 0.000  0.10 0.000 0.02 0.781  0.79 0.000  0.72 0.000
354.291667 355.291667 9.99 0.999 99.99 0.999 9.99 0.999 99.99 0.999 9.99 0.999 9.99 0.999 9.99 0.999 9.99 0.999 99.99 0.999 99.999 0.999 99.99 0.999 9.99 0.999 99.99 0.999 99.99 0.999
355.291667 356.291667 9.99 0.999  0.06 0.000 0.02 0.000  0.38 0.000 0.04 0.000 0.19 0.000 0.11 0.000 0.02 0.000  0.37 0.000  0.029 0.000  0.06 0.000 0.03 0.781 99.99 0.999  0.30 0.000
356.291667 357.291667 0.29 0.000  0.56 0.000 0.03 0.000  0.33 0.000 0.05 0.000 0.69 0.000 0.16 0.000 0.06 0.000  0.36 0.000  0.040 0.000  0.07 0.000 0.02 0.781  0.85 0.000  0.84 0.000
357.291667 358.291667 0.37 0.000  0.33 0.000 0.04 0.000  0.96 0.000 0.11 0.000 0.51 0.000 0.18 0.000 0.06 0.000  0.80 0.000  0.043 0.000  0.11 0.000 0.02 0.781  0.70 0.000  0.68 0.000
358.291667 359.291667 0.30 0.000  0.14 0.000 0.07 0.000  1.84 0.000 0.19 0.000 0.37 0.000 0.16 0.000 0.08 0.000  1.38 0.000  0.114 0.000  0.23 0.000 0.02 0.781  0.44 0.000  0.53 0.000
359.291667 360.291667 0.25 0.000  0.42 0.000 0.08 0.000  1.69 0.000 0.19 0.000 0.69 0.000 0.20 0.000 0.14 0.000  1.53 0.000  0.192 0.000  0.32 0.000 0.02 0.781  0.67 0.000  0.89 0.000
360.291667 361.291667 0.28 0.000  0.27 0.000 0.04 0.000  0.94 0.000 0.10 0.000 0.42 0.000 0.16 0.000 0.07 0.000  0.78 0.000  0.095 0.000  0.16 0.000 0.02 0.781  0.55 0.000  0.59 0.000
361.291667 362.291667 0.43 0.000  0.06 0.000 0.05 0.000  1.30 0.000 0.12 0.000 0.23 0.000 0.16 0.000 0.04 0.000  0.93 0.000  0.042 0.000  0.12 0.000 0.07 0.000  0.49 0.000  0.39 0.000
362.291667 363.291667 0.05 0.781  0.01 0.000 0.04 0.000  0.60 0.000 0.06 0.000 0.08 0.000 0.02 0.781 0.03 0.000  0.46 0.000  0.051 0.000  0.09 0.000 0.02 0.781  0.03 0.000  0.09 0.000
363.291667 364.291667 0.21 0.000  0.09 0.000 0.02 0.000  0.02 0.000 0.01 0.781 0.12 0.000 0.06 0.000 0.06 0.000  0.11 0.000  0.097 0.000  0.10 0.000 0.02 0.781  0.30 0.000  0.17 0.000
364.291667 365.291667 0.36 0.000  0.27 0.000 0.10 0.000  1.75 0.000 0.20 0.000 0.44 0.000 0.16 0.000 0.36 0.000  1.25 0.000  0.215 0.000  0.32 0.000 0.02 0.781  0.63 0.000  0.60 0.000
