db/R_TOOLS/emepPackagesTesting/emep_data/TT/TT0001R.good.nas
53 1001
Name, Surname
TT01, Institute of Testing, IoT, , "Test Str., 12345 Testity, Testland", , , , 
Name, Surname
TEST
1 1
2011 01 01 2011 07 04
0.041667
days from file reference point
11
1 1 1 1 1 1 1 1 1 1 1
999.999999 999.9999 999.999 99.999 99.999 99.9999 99.999 99.999 999.9999 999.9999 9.999
end_time of measurement, days from the file reference point
ammonium, ug N/m3
calcium, ug/m3
chloride, ug/m3
magnesium, ug/m3
nitrate, ug N/m3
potassium, ug/m3
sodium, ug/m3
sulphate_corrected, ug S/m3
sulphate_total, ug S/m3
numflag, no unit
0
28
Data definition:              EBAS_1.1
Set type code:                TU
Timezone:                     UTC
File name:                    TT0001R.good.nas
File creation:                20151130122131
Startdate:                    20110101000000
Revision date:                20110704000000
Statistics:                   arithmetic mean
Data level:                   
Period code:                  5mo
Resolution code:              1h
Station code:                 TT0001R
Platform code:                TT0001S
Station name:                 TestStation01
Station latitude:             01.10
Station longitude:            01.10
Station altitude:             01.0m
Regime:                       IMG
Component:                    
Unit:                         ug/m3
Matrix:                       pm10
Instrument type:              online_IC
Laboratory code:              TT01L
Instrument name:              InstrumentName01
Method ref:                   TestRef01
Originator:                   Name, Surname, , , , , , , , , 
Submitter:                    Name, Surname, , , , , , , , , 
starttime endtime NH4+ Ca++ Cl- Mg++ NO3- K+ Na+ XSO4-- SO4-- flag
[from data line 970]
 40.416667  40.458333   1.7282   1.286  0.293  0.259  1.7509 99.999  0.075   0.3870   0.3933 0.000
 40.458333  40.500000   1.9017   2.488  0.481  0.214  2.0052  0.053  0.074   0.3461   0.3523 0.000
 40.500000  40.541667   2.0502   1.991  0.252  0.146  2.2607  0.049  0.064   0.3299   0.3353 0.000
 40.541667  40.583333   2.1280   1.201  0.225  0.147  2.2995  0.121 99.999   0.2371   0.3393 0.000
 40.583333  40.625000   2.1397   0.808  0.172  0.130  2.3450  0.061 99.999   0.2419   0.3323 0.000
 40.625000  40.666667   2.0448   0.821  0.118  0.114  2.2015 99.999 99.999   0.2378   0.3170 0.000
 40.666667  40.708333   1.8962   0.720  0.195  0.128  2.1840  0.060 99.999   0.1903   0.2793 0.000
 40.708333  40.750000   1.9157   0.765  0.174  0.109  2.1595  0.080 99.999   0.2059   0.2817 0.000
 40.750000  40.791667   1.8822   0.747  0.113  0.145  2.1006  0.090 99.999   0.2095   0.3103 0.000
 40.791667  40.833333   1.9950   1.406  0.332  0.172  2.1289  0.143 99.999   0.2682   0.3877 0.000
 40.833333  40.875000   2.1140   1.406  0.204  0.170  2.2960  0.077 99.999   0.2549   0.3730 0.000
 40.875000  40.916667   1.8301   1.403  0.099  0.119  1.9174  0.128 99.999   0.2890   0.3717 0.000
 40.916667  40.958333   2.1591   1.103  0.046  0.154  2.2972  0.099 99.999   0.3543   0.4613 0.000
 40.958333  41.000000   2.5013   1.042 99.999  0.097  2.6025  0.112 99.999   0.5374   0.4537 0.000
 41.000000  41.041667   2.7230   0.740  0.096  0.077  2.8277  0.100 99.999   0.4002   0.4537 0.000
 41.041667  41.083333   2.9206   0.720 99.999  0.064  3.0120  0.172 99.999   0.5440   0.4603 0.000
 41.083333  41.125000   2.8716   0.551 99.999  0.061  3.0117  0.128 99.999   0.5540   0.4703 0.000
 41.125000  41.166667   2.5122   0.581  0.083  0.085  2.5958  0.091 99.999   0.3586   0.4177 0.000
 41.166667  41.208333   2.1000   0.510 99.999  0.051  2.2097  0.076 99.999   0.4607   0.3770 0.000
 41.208333  41.250000   1.7764   0.469 99.999  0.068  1.9868  0.080 99.999   0.3954   0.3117 0.000
 41.250000  41.291667   1.4809   0.342  0.099  0.027  1.6074 99.999 99.999   0.2659   0.2847 0.000
 41.291667  41.333333   1.4832   0.388  0.027  0.045  1.6360  0.103 99.999   0.2517   0.2830 0.000
 41.333333  41.375000   1.6512   0.396  0.038  0.092  1.7579 99.999 99.999   0.2994   0.3633 0.000
 41.375000  41.416667   1.7352   0.395  0.269  0.090  1.6432  0.088 99.999   0.3558   0.4183 0.000
 41.416667  41.458333   1.7733   0.378  0.564  0.042  1.6949 99.999 99.999   0.3228   0.3520 0.000
 41.458333  41.500000   0.9963   0.395  0.252  0.062  0.9602 99.999 99.999   0.2102   0.2533 0.000
 41.500000  41.541667   0.4636   0.321  0.089  0.060  0.5063 99.999 99.999   0.1446   0.1863 0.000
 41.541667  41.583333   0.3617   0.429 99.999  0.023  0.3701 99.999 99.999   0.3257   0.2420 0.000
 41.583333  41.625000   0.2178   0.286 99.999  0.022  0.1878 99.999 99.999   0.3047   0.2210 0.000
 41.625000  41.666667   0.2046   0.331 99.999  0.034  0.2179 99.999 99.999   0.3374   0.2537 0.000
 41.666667  41.708333   0.4239   0.269 99.999  0.013  0.4168 99.999 99.999   0.4517   0.3680 0.000
 41.708333  41.750000   0.7910   0.361  0.018  0.024  0.6819 99.999 99.999   0.4496   0.4663 0.000
 41.750000  41.791667   1.1068   0.353  0.066  0.057  0.9622 99.999 99.999   0.5034   0.5430 0.000
 41.791667  41.833333   0.9116   0.454  0.197  0.145  0.9494 99.999  0.053   0.4059   0.4103 0.000
 41.833333  41.875000   0.9893   0.380  0.168  0.182  1.1069 99.999  0.062   0.3585   0.3637 0.000
 41.875000  41.916667   1.2973   0.452  0.234  0.257  1.3408  0.072  0.081   0.4395   0.4463 0.000
 41.916667  41.958333   0.8423   0.444  0.767  0.372  0.8079  0.066  0.214   0.3781   0.3960 0.000
 41.958333  42.000000   0.3127   0.520  1.332  0.727  0.3506  0.047  0.380   0.1959   0.2277 0.000
 42.000000  42.041667   0.2030   0.476  0.994  0.695  0.3252  0.045  0.290   0.1917   0.2160 0.000
 42.041667  42.083333   0.2372   0.422  0.482  0.449  0.3541  0.037  0.138   0.2091   0.2207 0.000
 42.083333  42.125000   0.2528   0.375  0.385  0.341  0.3404 99.999  0.107   0.2067   0.2157 0.000
 42.125000  42.166667   0.2458   0.329  0.149  0.273  0.2905 99.999  0.071   0.2258   0.2317 0.000
 42.166667  42.208333   0.2318   1.091  0.068  0.354  0.2316 99.999  0.039   0.2974   0.3007 0.000
 42.208333  42.250000   0.2279   1.223  0.081  0.328  0.2135  0.066  0.051   0.2964   0.3007 0.000
 42.250000  42.291667   0.2318   2.237  0.188  0.526  0.2199  0.058  0.061   0.3726   0.3777 0.000
 42.291667  42.333333   0.2053   1.172  0.191  0.308  0.2050  0.036  0.068   0.2763   0.2820 0.000
 42.333333  42.375000   0.2528   0.590  0.214  0.276  0.2071 99.999  0.069   0.3662   0.3720 0.000
 42.375000  42.416667   0.4083   0.520  0.430  0.296  0.2395  0.053  0.093   0.4719   0.4797 0.000
 42.416667  42.458333   0.4356   0.435  0.345  0.324  0.2409 99.999  0.107   0.4970   0.5060 0.000
 42.458333  42.500000   0.3329   0.583  0.330  0.334  0.2430  0.047  0.111   0.4410   0.4503 0.000
 42.500000  42.541667   0.3228   0.414  0.484  0.321  0.2564  0.081  0.116   0.4100   0.4197 0.000
 42.541667  42.583333   0.3119   0.452  0.338  0.364  0.2570 99.999  0.114   0.3962   0.4057 0.000
 42.583333  42.625000   0.3601   0.501  0.339  0.357  0.3144 99.999  0.119   0.4673   0.4773 0.000
 42.625000  42.666667   0.3920   0.574  0.338  0.328  0.3284 99.999  0.106   0.4391   0.4480 0.000
 42.666667  42.708333   0.3562   0.452  0.276  0.336  0.3089 99.999  0.097   0.4296   0.4377 0.000
 42.708333  42.750000   0.3586   0.549  0.326  0.325  0.3147 99.999  0.102   0.4102   0.4187 0.000
 42.750000  42.791667   0.3671   0.563  0.507  0.361  0.3488 99.999  0.123   0.4134   0.4237 0.000
 42.791667  42.833333   0.3593   0.582  0.389  0.328  0.3377  0.078  0.118   0.3971   0.4070 0.000
 42.833333  42.875000   0.3710   0.480  0.379  0.339  0.3748  0.091  0.106   0.3811   0.3900 0.000
 42.875000  42.916667   0.3562   0.510  0.306  0.271  0.3392  0.056  0.081   0.3822   0.3890 0.000
 42.916667  42.958333   0.3656   0.556  0.216  0.253  0.3439 99.999  0.070   0.3924   0.3983 0.000
 42.958333  43.000000   0.4286   0.661  0.204  0.257  0.4209  0.070  0.059   0.4058   0.4107 0.000
 43.000000  43.041667   0.4776   0.706  0.302  0.216  0.4766  0.057  0.046   0.4274   0.4313 0.000
 43.041667  43.083333   0.5063   0.774  0.171  0.191  0.4897  0.061  0.052   0.4173   0.4217 0.000
 43.083333  43.125000   0.4737   0.697  0.139  0.188  0.4815 99.999  0.043   0.4184   0.4220 0.000
 43.125000  43.166667   0.4387   0.733  0.306  0.210  0.4177 99.999  0.046   0.3621   0.3660 0.000
 43.166667  43.208333   0.4122   0.656  0.199  0.189  0.4337 99.999  0.047   0.3531   0.3570 0.000
 43.208333  43.250000   0.4954   0.743  0.212  0.175  0.5326  0.060  0.048   0.3687   0.3727 0.000
 43.250000  43.291667   0.7373   0.696  0.245  0.172  0.7892  0.042  0.047   0.4081   0.4120 0.000
 43.291667  43.333333   0.8906   0.818  0.124  0.171  0.9893 99.999  0.038   0.4001   0.4033 0.000
 43.333333  43.375000   0.9567   0.658  0.093  0.137  1.0179 99.999 99.999   0.3058   0.4010 0.000
 43.375000  43.416667   1.0360   0.806  0.094  0.134  1.0051  0.034 99.999   0.3246   0.4177 0.000
 43.416667  43.458333   1.1146   0.684  0.136  0.101  0.9984 99.999 99.999   0.4798   0.5500 0.000
 43.458333  43.500000   0.9917   0.769  0.183  0.086  0.8380  0.079 99.999   0.3792   0.4390 0.000
 43.500000  43.541667   0.7770   0.691  0.092  0.084  0.7225 99.999 99.999   0.3849   0.4433 0.000
 43.541667  43.583333   0.7988   0.745  0.137  0.106  0.7347  0.056 99.999   0.3776   0.4513 0.000
 43.583333  43.625000   0.8314   0.697  0.124  0.086  0.7122 99.999 99.999   0.4659   0.5257 0.000
 43.625000  43.666667   0.9061   0.771  0.218  0.121  0.7222  0.060 99.999   0.4436   0.5277 0.000
 43.666667  43.708333   0.9139   0.641  0.171  0.093  0.7478  0.074 99.999   0.4684   0.5330 0.000
 43.708333  43.750000   1.0399   0.881  0.219  0.141  0.8919  0.079 99.999   0.4487   0.5467 0.000
 43.750000  43.791667   1.1604   0.727  0.290  0.142  1.0520  0.063 99.999   0.4473   0.5460 0.000
 43.791667  43.833333   0.9823   0.777  0.154  0.126  0.9068  0.062 99.999   0.3711   0.4587 0.000
 43.833333  43.875000   0.8237   0.681  0.176  0.135  0.8024  0.059  0.028   0.4234   0.4257 0.000
 43.875000  43.916667   0.8540   0.793  0.210  0.133  0.8540  0.073 99.999   0.3066   0.3990 0.000
 43.916667  43.958333   0.7537   0.744  0.130  0.120  0.8137 99.999  0.029   0.3423   0.3447 0.000
 43.958333  44.000000   0.7544   0.873  0.118  0.146  0.8479  0.045 99.999   0.2432   0.3447 0.000
 44.000000  44.041667   0.7638   0.742  0.243  0.095  0.8805  0.092 99.999   0.2553   0.3213 0.000
 44.041667  44.083333   0.9948   0.821  0.238  0.130  1.0506  0.088  0.038   0.4241   0.4273 0.000
 44.083333  44.125000   1.3152   0.742  0.379  0.134  1.2720  0.077 99.999   0.4832   0.5763 0.000
 44.125000  44.166667   2.0401   0.995  0.662  0.164  1.6844  0.170  0.078   0.8558   0.8623 0.000
 44.166667  44.208333   2.1723   0.933  0.691  0.178  1.7774  0.183  0.109   0.9866   0.9957 0.000
 44.208333  44.250000   1.7764   0.950  0.677  0.166  1.4458  0.164  0.097   0.8019   0.8100 0.000
 44.250000  44.291667   1.3424   0.860  0.647  0.210  1.2212  0.152  0.080   0.6186   0.6253 0.000
 44.291667  44.333333   1.1830   1.050  0.668  0.180  1.0555  0.156  0.097   0.5736   0.5817 0.000
 44.333333  44.375000   1.1270   1.041  0.768  0.216  1.0016  0.155  0.079   0.5501   0.5567 0.000
 44.375000  44.416667   1.1566   1.318  0.851  0.186  1.0462  0.151  0.086   0.5558   0.5630 0.000
 44.416667  44.458333   1.2172   1.247  0.873  0.181  1.0815  0.077  0.079   0.5214   0.5280 0.000
 44.458333  44.500000   1.3549   1.430  0.923  0.211  1.0847  0.097 99.999   0.4451   0.5917 0.000
 44.500000  44.541667   1.5649   1.267  0.956  0.187  1.2871  0.171  0.086   0.6491   0.6563 0.000
 44.541667  44.583333   1.7881   1.252  0.948  0.197  1.3933  0.124  0.091   0.7231   0.7307 0.000
 44.583333  44.625000   1.9328   1.121  0.832  0.170  1.5592  0.136  0.086   0.7908   0.7980 0.000
 44.625000  44.666667   2.1700   1.196  0.951  0.195  1.6975  0.183  0.088   0.8753   0.8827 0.000
 44.666667  44.708333   2.2104   1.259  0.949  0.204  1.6514  0.152 99.999   0.8292   0.9710 0.000
 44.708333  44.750000   1.9266   1.267  0.868  0.202  1.4274  0.144  0.084   0.8443   0.8513 0.000
 44.750000  44.791667   1.7904   1.140  0.861  0.188  1.3630  0.148  0.074   0.7878   0.7940 0.000
 44.791667  44.833333   1.6092   1.247  0.793  0.197  1.2574  0.154 99.999   0.6544   0.7913 0.000
 44.833333  44.875000   1.6994   1.291  0.859  0.210  1.3061  0.152  0.083   0.7914   0.7983 0.000
 44.875000  44.916667   1.6839   1.458  0.895  0.189  1.3335  0.141  0.087   0.7574   0.7647 0.000
 44.916667  44.958333   1.5361   1.479  0.841  0.211  1.2603  0.220  0.086   0.7128   0.7200 0.000
 44.958333  45.000000   1.5276   1.774  0.962  0.228  1.1629  0.165  0.090   0.7218   0.7293 0.000
 45.000000  45.041667   1.4568   1.693  0.990  0.243  1.1188  0.159  0.069   0.7045   0.7103 0.000
 45.041667  45.083333   1.3751   1.852  0.734  0.227  1.0386  0.133  0.066   0.6902   0.6957 0.000
 45.083333  45.125000   1.3323   1.570  0.776  0.176  1.0599  0.148 99.999   0.5504   0.6727 0.000
 45.125000  45.166667   1.3611   1.652  0.825  0.190  1.1462  0.164  0.062   0.6191   0.6243 0.000
 45.166667  45.208333   1.4552   1.458  0.771  0.208  1.1996  0.165  0.066   0.6352   0.6407 0.000
 45.208333  45.250000   1.5727   1.431  0.749  0.219  1.2892  0.155  0.071   0.7178   0.7237 0.000
 45.250000  45.291667 999.9999 999.999 99.999 99.999 99.9999 99.999 99.999 999.9999 999.9999 0.999
 45.291667  45.333333 999.9999 999.999 99.999 99.999 99.9999 99.999 99.999 999.9999 999.9999 0.999
 45.333333  45.375000 999.9999 999.999 99.999 99.999 99.9999 99.999 99.999 999.9999 999.9999 0.999
 45.375000  45.416667 999.9999 999.999 99.999 99.999 99.9999 99.999 99.999 999.9999 999.9999 0.999
 45.416667  45.458333 999.9999 999.999 99.999 99.999 99.9999 99.999 99.999 999.9999 999.9999 0.999
 45.458333  45.500000 999.9999 999.999 99.999 99.999 99.9999 99.999 99.999 999.9999 999.9999 0.999
 45.500000  45.541667 999.9999 999.999 99.999 99.999 99.9999 99.999 99.999 999.9999 999.9999 0.999
 45.541667  45.583333 999.9999 999.999 99.999 99.999 99.9999 99.999 99.999 999.9999 999.9999 0.999
 45.583333  45.625000 999.9999 999.999 99.999 99.999 99.9999 99.999 99.999 999.9999 999.9999 0.999
 45.625000  45.666667   2.9867   1.868  0.231  0.194  2.2178  0.089 99.999   1.1662   1.3010 0.000
 45.666667  45.708333   2.0518   3.178  0.500  0.125  1.6430  0.101 99.999   0.7828   0.8697 0.000
 45.708333  45.750000   2.5122   2.995  0.530  0.173  2.0837  0.107 99.999   0.8518   0.9720 0.000
 45.750000  45.791667   2.2058   2.687  0.724  0.164  1.8885  0.107  0.069   0.8135   0.8193 0.000
 45.791667  45.833333   2.8669   2.500  1.054  0.189  2.2531  0.246  0.109   1.0749   1.0840 0.000
 45.833333  45.875000   2.8086   2.197  1.041  0.171  2.1945  0.239  0.110   1.0395   1.0487 0.000
 45.875000  45.916667   3.0528   2.053  1.167  0.152  2.3482  0.219  0.118   1.1574   1.1673 0.000
 45.916667  45.958333   2.4329   1.854  0.861  0.166  1.9466  0.186  0.087   0.9877   0.9950 0.000
 45.958333  46.000000   1.8270   1.584  0.500  0.125  1.4554  0.155 99.999   0.7711   0.8580 0.000
 46.000000  46.041667   1.2787   1.419  0.338  0.169  1.0765  0.064  0.039   0.7327   0.7360 0.000
 46.041667  46.083333   1.2118   1.237  0.239  0.144  1.0570  0.108 99.999   0.6096   0.7097 0.000
 46.083333  46.125000   1.0072   1.227  0.104  0.167  0.8686 99.999  0.030   0.6388   0.6413 0.000
 46.125000  46.166667   0.9536   1.120  0.155  0.142  0.8724  0.077 99.999   0.5780   0.6767 0.000
 46.166667  46.208333   0.9606   1.153  0.064  0.146  0.8625  0.062 99.999   0.6038   0.7053 0.000
 46.208333  46.250000   1.1581   1.172  0.075  0.153  1.0086  0.067 99.999   0.6634   0.7697 0.000
 46.250000  46.291667   1.3292   1.108  0.186  0.140  1.1626 99.999 99.999   0.7160   0.8133 0.000
 46.291667  46.333333   1.5976   1.139  0.104  0.166  1.3746  0.067 99.999   0.7983   0.9137 0.000
 46.333333  46.375000   1.4762   1.074  0.086  0.104  1.2994  0.065 99.999   0.7460   0.8183 0.000
 46.375000  46.416667   1.5470   1.283  0.232  0.167  1.4233  0.120 99.999   0.7529   0.8690 0.000
 46.416667  46.458333   1.5882   1.320  0.145  0.190  1.5035  0.078 99.999   0.6939   0.8260 0.000
 46.458333  46.500000   1.7834   1.655  0.219  0.178  1.6911  0.121 99.999   0.7006   0.8243 0.000
 46.500000  46.541667   1.7687   1.562  0.244  0.179  1.7526  0.070 99.999   0.6956   0.8200 0.000
 46.541667  46.583333   1.7897   1.638  0.160  0.173  1.8142  0.110 99.999   0.6971   0.8173 0.000
 46.583333  46.625000   1.8122   1.386  0.101  0.137  1.6905  0.085 99.999   0.7405   0.8357 0.000
 46.625000  46.666667   2.0354   1.169  0.184  0.141  1.7844  0.120 99.999   0.9463   1.0443 0.000
 46.666667  46.708333   1.8807   0.988  0.050  0.092  1.4863  0.078 99.999   0.9504   1.0143 0.000
 46.708333  46.750000   1.9444   0.734  0.042  0.076  1.3358  0.083 99.999   1.1342   1.1870 0.000
 46.750000  46.791667   1.7376   0.629  0.115  0.063  1.0812  0.040 99.999   1.1572   1.2010 0.000
 46.791667  46.833333   1.7111   0.594  0.024  0.045  0.9330  0.063 99.999   1.2657   1.2970 0.000
 46.833333  46.875000   1.6839   0.476  0.037  0.064  0.7843  0.113 99.999   1.3495   1.3940 0.000
 46.875000  46.916667   1.6427   0.468  0.106  0.061  0.8199  0.071 99.999   1.3286   1.3710 0.000
 46.916667  46.958333   1.6520   0.424  0.070  0.052  0.8493  0.046 99.999   1.2276   1.2637 0.000
 46.958333  47.000000   1.8340   0.433  0.195  0.063  1.0048  0.075 99.999   1.2399   1.2837 0.000
 47.000000  47.041667   2.1381   0.505  0.371  0.070  1.2877  0.069 99.999   1.2711   1.3197 0.000
 47.041667  47.083333   2.8490   0.962  0.819  0.105  1.9685  0.144 99.999   1.4403   1.5133 0.000
 47.083333  47.125000   2.8918   1.340  0.923  0.078  2.0382  0.164 99.999   1.4305   1.4847 0.000
