db/R_TOOLS/emepPackagesTesting/emep_data/TT/TT0010R.neutral.nas
51 1001
Name, Surname
TT10, Institute of Testing, IoT, , "Test Str., 12345 Testity, Testland", , , , 
Name, Surname
EMEP
1 1
2011 01 01 2012 06 20
1.00
days from file reference point
9
1 1 1 1 1 1 1 1 1
999.99 99.99 9.999 99.99 9.999 99.99 9.999 999.9 9.999
end_time of measurement, days from the file reference point
ammonium, ug N/m3, Method ref=PL01L_chlor_T
numflag ammonium, no unit, Method ref=PL01L_chlor_T
nitrate, ug N/m3, Method ref=PL01L_griess
numflag nitrate, no unit, Method ref=PL01L_griess
sulphate_total, ug S/m3, Method ref=PL01L_f2p_thorin
numflag sulphate_total, no unit, Method ref=PL01L_f2p_thorin
sulphur_dioxide, ug S/m3, Matrix=air, Method ref=PL01L_f2p_thorin
numflag sulphur_dioxide, no unit, Matrix=air, Method ref=PL01L_f2p_thorin
0
28
Data definition:              EBAS_1.1
Set type code:                TU
Timezone:                     UTC
File name:                    TT0010R.neutral.nas
File creation:                20151130115302
Startdate:                    20110101060000
Revision date:                20120620000000
Statistics:                   arithmetic mean
Data level:                   
Period code:                  1y
Resolution code:              1d
Station code:                 TT0010R
Platform code:                TT0010s
Station name:                 TestStation10
Station latitude:             10.01
Station longitude:            10.01
Station altitude:             10.0m
Regime:                       IMG
Component:                    
Unit:                         
Matrix:                       aerosol
Instrument type:              filter_2pack
Laboratory code:              TT10L
Instrument name:              InstrumentName10
Method ref:                   TestRef10
Originator:                   Name, Surname, , , , , , , , , 
Submitter:                    Name, Surname, , , , , , , , , 
starttime endtime NH4+ flag_NH4+ NO3- flag_NO3- SO4-- flag_SO4-- SO2 flag_SO2
[from data line 259]
259.25 260.25  1.63 0.000  0.74 0.000  0.43 0.000   0.5 0.000
260.25 261.25  1.17 0.000  0.28 0.000  1.22 0.000   1.3 0.000
261.25 262.25  2.39 0.000  0.73 0.000  2.16 0.000   1.0 0.000
262.25 263.25  1.43 0.000  0.48 0.000  1.00 0.000   0.5 0.000
263.25 264.25  0.90 0.000  0.39 0.000  0.71 0.000   0.3 0.000
264.25 265.25  2.23 0.000  1.17 0.000  1.59 0.000   2.3 0.000
265.25 266.25  1.00 0.000  0.50 0.000  1.30 0.000   1.2 0.000
266.25 267.25  1.08 0.000  0.52 0.000  0.76 0.000   0.8 0.000
267.25 268.25  1.33 0.000  0.46 0.000  1.02 0.000   0.7 0.000
268.25 269.25  1.82 0.000  0.64 0.000  1.79 0.000   1.2 0.000
269.25 270.25  1.82 0.000  0.92 0.000  0.92 0.000   1.0 0.000
270.25 271.25  1.22 0.000  0.46 0.000  1.27 0.000   0.8 0.000
271.25 272.25  2.06 0.000  1.40 0.000  1.18 0.000   1.0 0.000
272.25 273.25  1.33 0.000  0.59 0.000  1.10 0.000   0.9 0.000
273.25 274.25  1.47 0.000  0.73 0.000  0.67 0.000   0.4 0.000
274.25 275.25  0.69 0.000  0.35 0.000  0.55 0.000   0.5 0.000
275.25 276.25  1.85 0.000  0.85 0.000  1.01 0.000   1.5 0.000
276.25 277.25  1.63 0.000  0.69 0.000  1.38 0.000   1.0 0.000
277.25 278.25  1.57 0.000  0.49 0.000  1.34 0.000   0.2 0.000
278.25 279.25  1.16 0.000  0.35 0.000  1.17 0.000   1.4 0.000
279.25 280.25  0.87 0.000  0.43 0.000  1.26 0.000   0.2 0.000
280.25 281.25  0.67 0.000  0.38 0.000  0.43 0.000   1.5 0.000
281.25 282.25  0.90 0.000  0.35 0.000  0.72 0.000   0.2 0.000
282.25 283.25  0.93 0.000  0.27 0.000  0.93 0.000   0.3 0.000
283.25 284.25  0.51 0.000  0.15 0.000  0.51 0.000   0.4 0.000
284.25 285.25  0.43 0.000  0.19 0.000  0.92 0.000   0.3 0.000
285.25 286.25  0.42 0.000  0.06 0.000  0.48 0.000   0.5 0.000
286.25 287.25  0.36 0.000  0.14 0.000  0.10 0.780   0.1 0.780
287.25 288.25  0.61 0.000  0.23 0.000  0.99 0.000   0.5 0.000
288.25 289.25  0.92 0.000  0.30 0.000  0.24 0.000   0.3 0.000
289.25 290.25  0.76 0.000  0.56 0.000  0.53 0.000   1.3 0.000
290.25 291.25  1.13 0.000  0.66 0.000  0.62 0.000   2.1 0.000
291.25 292.25  1.37 0.000  1.18 0.000  0.55 0.000   1.9 0.000
292.25 293.25  1.14 0.000  0.51 0.000  0.75 0.000   0.9 0.000
293.25 294.25  1.13 0.000  0.43 0.000  0.89 0.000   0.2 0.000
294.25 295.25  1.79 0.000  1.04 0.000  1.22 0.000   2.1 0.000
295.25 296.25  1.20 0.000  0.43 0.000  1.49 0.000   0.2 0.000
296.25 297.25  1.17 0.000  0.65 0.000  0.87 0.000   0.8 0.000
297.25 298.25  1.43 0.000  0.81 0.000  0.55 0.000   1.5 0.000
298.25 299.25  1.23 0.000  0.69 0.000  0.96 0.000   0.6 0.000
299.25 300.25  1.94 0.000  1.61 0.000  1.51 0.000   2.7 0.000
300.25 301.25  2.28 0.000  1.71 0.000  1.54 0.000   2.3 0.000
301.25 302.25  3.58 0.000  2.81 0.000  1.75 0.000   1.7 0.000
302.25 303.25  4.59 0.000  2.29 0.000  2.20 0.000   2.1 0.000
303.25 304.25  2.54 0.000  1.50 0.000  1.68 0.000   1.2 0.000
304.25 305.25  1.44 0.000  0.69 0.000  1.12 0.000   0.2 0.000
305.25 306.25 99.99 0.658 99.99 0.658 99.99 0.658 999.9 0.658
306.25 307.25  2.78 0.000  1.39 0.000  2.30 0.000   0.4 0.000
307.25 308.25  2.45 0.000  1.41 0.000  2.17 0.000   1.7 0.000
308.25 309.25  3.00 0.000  1.48 0.000  2.53 0.000   2.0 0.000
309.25 310.25  2.60 0.000  0.90 0.000  2.24 0.000   2.1 0.000
310.25 311.25  2.21 0.000  0.92 0.000  2.18 0.000   1.9 0.000
311.25 312.25  3.15 0.000  1.62 0.000  1.79 0.000   1.4 0.000
312.25 313.25  0.99 0.000  0.39 0.000  0.93 0.000   0.3 0.000
313.25 314.25  0.44 0.000  0.18 0.000  0.93 0.000   0.1 0.780
314.25 315.25  1.04 0.000  0.35 0.000  1.20 0.000   0.3 0.000
315.25 316.25  1.41 0.000  0.74 0.000  0.97 0.000   0.4 0.000
316.25 317.25  1.16 0.000  0.49 0.000  1.27 0.000   0.5 0.000
317.25 318.25  2.47 0.000  1.24 0.000  1.96 0.000   0.5 0.000
318.25 319.25  3.58 0.000  1.62 0.000  2.18 0.000   1.0 0.000
319.25 320.25  1.21 0.000  0.52 0.000  1.11 0.000   0.3 0.000
320.25 321.25  2.88 0.000  1.56 0.000  1.62 0.000   2.1 0.000
321.25 322.25  5.00 0.000  2.72 0.000  2.61 0.000   1.2 0.000
322.25 323.25  4.31 0.000  2.41 0.000  2.08 0.000  10.4 0.000
323.25 324.25  4.75 0.000  2.88 0.000  1.66 0.000   1.7 0.000
324.25 325.25  2.88 0.000  1.21 0.000  1.34 0.000   1.4 0.000
325.25 326.25  6.42 0.000  2.81 0.000  3.85 0.000   6.4 0.000
326.25 327.25  3.97 0.000  2.32 0.000  2.25 0.000   2.6 0.000
327.25 328.25  5.20 0.000  2.67 0.000  2.80 0.000   1.8 0.000
328.25 329.25  4.50 0.000  2.68 0.000  2.54 0.000   1.7 0.000
329.25 330.25  2.06 0.000  1.18 0.000  0.93 0.000   3.7 0.000
330.25 331.25  1.32 0.000  0.64 0.000  1.46 0.000   2.7 0.000
331.25 332.25  0.82 0.000  0.46 0.000  0.55 0.000   0.8 0.000
332.25 333.25  2.13 0.000  1.21 0.000  1.36 0.000   2.0 0.000
333.25 334.25  2.97 0.000  1.79 0.000  1.44 0.000   2.2 0.000
334.25 335.25  2.77 0.000  1.24 0.000  1.79 0.000   2.6 0.000
335.25 336.25  1.92 0.000  0.95 0.000  1.74 0.000   2.9 0.000
336.25 337.25  1.84 0.000  0.91 0.000  1.97 0.000   1.5 0.000
337.25 338.25  0.51 0.000  0.27 0.000  0.55 0.000   2.2 0.000
338.25 339.25  0.61 0.000  0.26 0.000  0.86 0.000   1.2 0.000
339.25 340.25  0.91 0.000  0.51 0.000  0.77 0.000   4.1 0.000
340.25 341.25  1.15 0.000  0.66 0.000  0.87 0.000   2.4 0.000
341.25 342.25  1.17 0.000  0.57 0.000  0.38 0.000   1.2 0.000
342.25 343.25  0.81 0.000  0.53 0.000  0.60 0.000   1.6 0.000
343.25 344.25  0.84 0.000  0.54 0.000  0.58 0.000   1.7 0.000
344.25 345.25  1.54 0.000  0.90 0.000  0.82 0.000   1.8 0.000
345.25 346.25  1.60 0.000  1.07 0.000  0.98 0.000   2.0 0.000
346.25 347.25  2.78 0.000  1.45 0.000  1.69 0.000   1.7 0.000
347.25 348.25 99.99 0.658 99.99 0.658 99.99 0.658 999.9 0.658
348.25 349.25  1.70 0.000  1.05 0.000  1.11 0.000   1.4 0.000
349.25 350.25  1.47 0.000  0.85 0.000  1.40 0.000   1.9 0.000
350.25 351.25  0.56 0.000  0.27 0.000  0.53 0.000   1.4 0.000
351.25 352.25  0.75 0.000  0.32 0.000  0.85 0.000   2.7 0.000
352.25 353.25  1.68 0.000  0.97 0.000  1.00 0.000   2.3 0.000
353.25 354.25  2.55 0.000  1.70 0.000  1.18 0.000   0.9 0.000
354.25 355.25  2.72 0.000  1.44 0.000  1.68 0.000   0.7 0.000
355.25 356.25  5.13 0.000  2.66 0.000  3.14 0.000   2.6 0.000
356.25 357.25  4.55 0.000  2.32 0.000  3.28 0.000   2.6 0.000
357.25 358.25  1.12 0.000  0.30 0.000  1.31 0.000   2.2 0.000
358.25 359.25  1.95 0.000  0.78 0.000  1.23 0.000   1.1 0.000
359.25 360.25  1.17 0.000  0.40 0.000  0.98 0.000   1.3 0.000
360.25 361.25  0.94 0.000  0.37 0.000  0.96 0.000   0.7 0.000
361.25 362.25  1.47 0.000  0.50 0.000  0.67 0.000   1.0 0.000
362.25 363.25  1.30 0.000  0.63 0.000  1.51 0.000   4.1 0.000
363.25 364.25  1.42 0.000  0.59 0.000  1.26 0.000   1.3 0.000
364.25 365.25  1.55 0.000  0.50 0.000  0.38 0.000   0.6 0.000
