db/R_TOOLS/emepPackagesTesting/emep_data/TT/TT0004R.good.nas
71 1001
Name, Surname
TT04, Institute of Testing, IoT, , "Test Str., 12345 Testity, Testland", , , , 
Name, Surname
TEST
1 1
2013 01 01 2014 05 01
1.000000
days from file reference point
29
1 1 1 1 1 1 1 1 1 1 1 1 1 1 1 1 1 1 1 1 1 1 1 1 1 1 1 1 1
999.999999 9.99 9.999 99.99 9.999 9.99 9.999 99.99 9.999 9.99 9.999 9.99 9.999 9.99 9.999 9.99 9.999 99.99 9.999 99.999 9.999 99.99 9.999 9.99 9.999 99.99 9.999 99.99 9.999
end_time of measurement, days from the file reference point
ammonia, ug N/m3, Matrix=air, Method ref=NO01L_IC_air
numflag ammonia, no unit, Matrix=air, Method ref=NO01L_IC_air
ammonium, ug N/m3
numflag ammonium, no unit
calcium, ug/m3
numflag calcium, no unit
chloride, ug/m3
numflag chloride, no unit
magnesium, ug/m3
numflag magnesium, no unit
nitrate, ug N/m3
numflag nitrate, no unit
nitric_acid, ug N/m3, Matrix=air, Method ref=NO01L_IC_air
numflag nitric_acid, no unit, Matrix=air, Method ref=NO01L_IC_air
potassium, ug/m3
numflag potassium, no unit
sodium, ug/m3
numflag sodium, no unit
sulphate_corrected, ug S/m3
numflag sulphate_corrected, no unit
sulphate_total, ug S/m3
numflag sulphate_total, no unit
sulphur_dioxide, ug S/m3, Matrix=air, Method ref=NO01L_IC_air
numflag sulphur_dioxide, no unit, Matrix=air, Method ref=NO01L_IC_air
sum_ammonia_and_ammonium, ug N/m3, Matrix=air+aerosol, Method ref=NO01L_IC_air+aero
numflag sum_ammonia_and_ammonium, no unit, Matrix=air+aerosol, Method ref=NO01L_IC_air+aero
sum_nitric_acid_and_nitrate, ug N/m3, Matrix=air+aerosol, Method ref=NO01L_IC_air+aero
numflag sum_nitric_acid_and_nitrate, no unit, Matrix=air+aerosol, Method ref=NO01L_IC_air+aero
0
28
Data definition:              EBAS_1.1
Set type code:                TU
Timezone:                     UTC
File name:                    TT0004R.good.nas
File creation:                20151130125131
Startdate:                    20130101070000
Revision date:                20140501000000
Statistics:                   arithmetic mean
Data level:                   
Period code:                  1y
Resolution code:              1d
Station code:                 TT0004R
Platform code:                TT0004S
Station name:                 TestStation04
Station latitude:             04.40
Station longitude:            04.40
Station altitude:             04.0m
Regime:                       IMG
Component:                    
Unit:                         
Matrix:                       aerosol
Instrument type:              filter_3pack
Laboratory code:              TT04L
Instrument name:              InstrumentName04
Method ref:                   TestRef04
Originator:                   Name, Surname, , , , , , , , , 
Submitter:                    Name, Surname, , , , , , , , , 
starttime endtime NH3 flag_NH3 NH4+ flag_NH4+ Ca++ flag_Ca++ Cl- flag_Cl- Mg++ flag_Mg++ NO3- flag_NO3- HNO3 flag_HNO3 K+ flag_K+ Na+ flag_Na+ XSO4-- flag_XSO4-- SO4-- flag_SO4-- SO2 flag_SO2 NH3+NH4 flag_NH3+NH4 HNO3+NO3 flag_HNO3+NO3
[from data line 261]
261.291667 262.291667 0.33 0.000  0.23 0.000 0.06 0.000  0.03 0.000 0.03 0.000 0.34 0.000 0.17 0.000 0.10 0.000  0.19 0.000  0.154 0.000  0.17 0.000 0.10 0.000  0.56 0.000  0.51 0.000
262.291667 263.291667 0.30 0.000  0.17 0.000 0.04 0.000  0.02 0.781 0.01 0.781 0.18 0.000 0.10 0.000 0.07 0.000  0.05 0.000  0.126 0.000  0.13 0.000 0.02 0.781  0.47 0.000  0.28 0.000
263.291667 264.291667 0.15 0.000  0.02 0.000 0.05 0.000  0.09 0.000 0.01 0.000 0.04 0.000 0.02 0.781 0.04 0.000  0.11 0.000  0.061 0.000  0.07 0.000 0.02 0.781  0.18 0.000  0.05 0.000
264.291667 265.291667 0.12 0.000  0.01 0.781 0.01 0.000  0.21 0.000 0.02 0.000 0.03 0.000 0.02 0.781 0.02 0.000  0.17 0.000  0.026 0.000  0.04 0.000 0.02 0.781  0.12 0.000  0.04 0.000
265.291667 266.291667 0.27 0.000  0.01 0.781 0.03 0.000  0.05 0.000 0.01 0.000 0.13 0.000 0.05 0.000 0.05 0.000  0.10 0.000  0.022 0.000  0.03 0.000 0.02 0.781  0.28 0.000  0.17 0.000
266.291667 267.291667 0.16 0.000  0.01 0.781 0.03 0.000  0.02 0.781 0.01 0.781 0.01 0.781 0.05 0.000 0.03 0.000  0.01 0.781  0.010 0.000  0.01 0.000 0.02 0.781  0.16 0.000  0.06 0.000
267.291667 268.291667 0.40 0.000  0.04 0.000 0.01 0.781  0.02 0.781 0.01 0.000 0.02 0.000 0.06 0.000 0.04 0.000  0.02 0.000  0.098 0.000  0.10 0.000 0.04 0.000  0.44 0.000  0.08 0.000
268.291667 269.291667 0.30 0.000  0.01 0.000 0.01 0.781  0.02 0.781 0.01 0.781 0.01 0.781 0.02 0.000 0.05 0.000  0.02 0.000  0.038 0.000  0.04 0.000 0.03 0.000  0.31 0.000  0.03 0.000
269.291667 270.291667 0.28 0.000  0.01 0.781 0.02 0.000  0.02 0.000 0.01 0.781 0.03 0.000 0.02 0.781 0.02 0.000  0.05 0.000  0.016 0.000  0.02 0.000 0.02 0.000  0.28 0.000  0.04 0.000
270.291667 271.291667 0.57 0.000  0.01 0.781 0.02 0.000  0.02 0.781 0.01 0.000 0.09 0.000 0.20 0.000 0.08 0.000  0.03 0.000  0.057 0.000  0.06 0.000 0.06 0.000  0.57 0.000  0.29 0.000
271.291667 272.291667 0.24 0.000  0.03 0.000 0.01 0.781  0.02 0.781 0.01 0.781 0.06 0.000 0.02 0.781 0.02 0.000  0.01 0.781  0.060 0.000  0.06 0.000 0.04 0.000  0.27 0.000  0.07 0.000
272.291667 273.291667 0.37 0.000  0.01 0.781 0.02 0.000  0.02 0.781 0.01 0.781 0.01 0.000 0.03 0.000 0.05 0.000  0.01 0.781  0.070 0.000  0.07 0.000 0.02 0.000  0.37 0.000  0.04 0.000
273.291667 274.291667 0.31 0.000  0.05 0.000 0.08 0.000  0.02 0.781 0.01 0.781 0.03 0.000 0.03 0.000 0.04 0.000  0.02 0.000  0.148 0.000  0.15 0.000 0.05 0.000  0.36 0.000  0.06 0.000
274.291667 275.291667 0.27 0.000  0.01 0.781 0.05 0.000  0.02 0.781 0.02 0.000 0.06 0.000 0.18 0.000 0.05 0.000  0.04 0.000  0.017 0.000  0.02 0.000 0.05 0.000  0.28 0.000  0.24 0.000
275.291667 276.291667 0.84 0.000  0.24 0.000 0.21 0.000  0.15 0.000 0.04 0.000 0.22 0.000 0.12 0.000 0.09 0.000  0.33 0.000  0.402 0.000  0.43 0.000 0.23 0.000  1.07 0.000  0.34 0.000
276.291667 277.291667 0.60 0.000  0.20 0.000 0.08 0.000  0.12 0.000 0.03 0.000 0.19 0.000 0.13 0.000 0.14 0.000  0.31 0.000  0.394 0.000  0.42 0.000 0.20 0.000  0.79 0.000  0.31 0.000
277.291667 278.291667 0.49 0.000  0.01 0.781 0.01 0.781  0.02 0.781 0.01 0.781 0.04 0.000 0.22 0.000 0.05 0.000  0.01 0.781  0.060 0.000  0.06 0.000 0.03 0.000  0.50 0.000  0.26 0.000
278.291667 279.291667 0.45 0.000  0.02 0.000 0.08 0.000  0.02 0.781 0.01 0.781 0.06 0.000 0.03 0.000 0.06 0.000  0.07 0.000  0.117 0.000  0.12 0.000 0.14 0.000  0.48 0.000  0.09 0.000
279.291667 280.291667 0.60 0.000  0.08 0.000 0.06 0.000  0.12 0.000 0.04 0.000 0.16 0.000 0.22 0.000 0.06 0.000  0.31 0.000  0.214 0.000  0.24 0.000 0.05 0.000  0.68 0.000  0.38 0.000
280.291667 281.291667 0.04 0.781  0.24 0.000 0.05 0.000  0.02 0.781 0.02 0.000 0.12 0.000 0.04 0.000 0.07 0.000  0.17 0.000  0.366 0.000  0.38 0.000 0.02 0.781  0.26 0.000  0.16 0.000
281.291667 282.291667 0.15 0.000  0.01 0.781 0.03 0.000  0.02 0.781 0.01 0.781 0.02 0.000 0.02 0.781 0.02 0.000  0.01 0.781  0.030 0.000  0.03 0.000 0.02 0.781  0.15 0.000  0.03 0.000
282.291667 283.291667 0.08 0.000  0.01 0.781 0.03 0.000  0.10 0.000 0.01 0.000 0.02 0.000 0.02 0.781 0.02 0.000  0.08 0.000  0.013 0.000  0.02 0.000 0.02 0.781  0.08 0.000  0.03 0.000
283.291667 284.291667 0.12 0.000  0.01 0.781 0.06 0.000  0.05 0.000 0.01 0.000 0.02 0.000 0.02 0.781 0.04 0.000  0.07 0.000  0.034 0.000  0.04 0.000 0.02 0.781  0.13 0.000  0.03 0.000
284.291667 285.291667 0.12 0.000  0.01 0.781 0.04 0.000  0.02 0.781 0.01 0.781 0.04 0.000 0.02 0.781 0.07 0.000  0.02 0.000  0.048 0.000  0.05 0.000 0.02 0.781  0.13 0.000  0.05 0.000
285.291667 286.291667 0.14 0.000  0.01 0.781 0.04 0.000  0.02 0.781 0.01 0.781 0.01 0.781 0.02 0.781 0.02 0.000  0.03 0.000  0.057 0.000  0.06 0.000 0.02 0.781  0.15 0.000  0.02 0.000
286.291667 287.291667 0.13 0.000  0.01 0.781 0.03 0.000  0.02 0.781 0.01 0.781 0.02 0.000 0.02 0.781 0.03 0.000  0.02 0.000  0.048 0.000  0.05 0.000 0.02 0.781  0.13 0.000  0.03 0.000
287.291667 288.291667 0.15 0.000  0.01 0.781 0.08 0.000  0.04 0.000 0.01 0.781 0.03 0.000 0.02 0.781 0.11 0.000  0.04 0.000  0.027 0.000  0.03 0.000 0.02 0.781  0.16 0.000  0.04 0.000
288.291667 289.291667 0.12 0.000  0.02 0.000 0.15 0.000  0.14 0.000 0.02 0.000 0.11 0.000 0.02 0.781 0.09 0.000  0.14 0.000  0.078 0.000  0.09 0.000 0.02 0.781  0.14 0.000  0.12 0.000
289.291667 290.291667 0.10 0.000  0.01 0.781 0.10 0.000  0.02 0.781 0.01 0.781 0.06 0.000 0.02 0.781 0.03 0.000  0.03 0.000  0.037 0.000  0.04 0.000 0.02 0.781  0.11 0.000  0.07 0.000
290.291667 291.291667 0.07 0.000  0.01 0.781 0.07 0.000  0.05 0.000 0.01 0.781 0.01 0.781 0.02 0.781 0.02 0.000  0.07 0.000  0.017 0.000  0.02 0.000 0.02 0.781  0.07 0.000  0.02 0.000
291.291667 292.291667 0.05 0.000  0.01 0.781 0.03 0.000  0.05 0.000 0.01 0.781 0.02 0.000 0.02 0.781 0.04 0.000  0.05 0.000  0.036 0.000  0.04 0.000 0.02 0.781  0.05 0.000  0.03 0.000
292.291667 293.291667 0.08 0.000  0.01 0.781 0.06 0.000  0.38 0.000 0.03 0.000 0.03 0.000 0.03 0.000 0.03 0.000  0.28 0.000  0.027 0.000  0.05 0.000 0.02 0.781  0.08 0.000  0.06 0.000
293.291667 294.291667 0.12 0.000  0.01 0.781 0.07 0.000  0.16 0.000 0.02 0.000 0.06 0.000 0.02 0.781 0.05 0.000  0.18 0.000  0.045 0.000  0.06 0.000 0.02 0.781  0.13 0.000  0.07 0.000
294.291667 295.291667 0.10 0.000  0.02 0.000 0.07 0.000  0.02 0.781 0.01 0.781 0.04 0.000 0.02 0.781 0.04 0.000  0.01 0.000  0.059 0.000  0.06 0.000 0.10 0.000  0.12 0.000  0.05 0.000
295.291667 296.291667 0.15 0.000  0.11 0.000 0.04 0.000  0.12 0.000 0.04 0.000 0.14 0.000 0.07 0.000 0.05 0.000  0.37 0.000  0.259 0.000  0.29 0.000 0.02 0.781  0.26 0.000  0.21 0.000
296.291667 297.291667 0.07 0.000  0.01 0.781 0.06 0.000  0.22 0.000 0.03 0.000 0.03 0.000 0.02 0.781 0.03 0.000  0.21 0.000  0.022 0.000  0.04 0.000 0.02 0.781  0.08 0.000  0.04 0.000
297.291667 298.291667 0.15 0.000  0.01 0.781 0.07 0.000  0.14 0.000 0.02 0.000 0.04 0.000 0.02 0.781 0.06 0.000  0.17 0.000  0.046 0.000  0.06 0.000 0.03 0.000  0.15 0.000  0.05 0.000
298.291667 299.291667 0.12 0.000  0.01 0.781 0.12 0.000  0.02 0.000 0.02 0.000 0.08 0.000 0.02 0.781 0.03 0.000  0.10 0.000  0.092 0.000  0.10 0.000 0.07 0.000  0.13 0.000  0.09 0.000
299.291667 300.291667 0.09 0.000  0.02 0.000 0.05 0.000  0.12 0.000 0.03 0.000 0.09 0.000 0.03 0.000 0.03 0.000  0.24 0.000  0.130 0.000  0.15 0.000 0.02 0.781  0.11 0.000  0.12 0.000
300.291667 301.291667 0.09 0.000  0.01 0.781 0.06 0.000  0.81 0.000 0.08 0.000 0.09 0.000 0.02 0.781 0.05 0.000  0.67 0.000  0.074 0.000  0.13 0.000 0.02 0.781  0.09 0.000  0.10 0.000
301.291667 302.291667 0.12 0.000  0.01 0.781 0.05 0.000  0.02 0.781 0.01 0.781 0.06 0.000 0.02 0.781 0.05 0.000  0.05 0.000  0.046 0.000  0.05 0.000 0.02 0.781  0.13 0.000  0.07 0.000
302.291667 303.291667 0.14 0.000  0.01 0.781 0.04 0.000  0.15 0.000 0.02 0.000 0.05 0.000 0.02 0.781 0.05 0.000  0.18 0.000  0.035 0.000  0.05 0.000 0.02 0.781  0.15 0.000  0.06 0.000
303.291667 304.291667 0.11 0.000  0.01 0.781 0.04 0.000  0.11 0.000 0.02 0.000 0.09 0.000 0.02 0.781 0.05 0.000  0.19 0.000  0.094 0.000  0.11 0.000 0.02 0.781  0.11 0.000  0.10 0.000
304.291667 305.291667 0.16 0.000  0.06 0.000 0.10 0.000  0.26 0.000 0.04 0.000 0.21 0.000 0.02 0.781 0.06 0.000  0.35 0.000  0.111 0.000  0.14 0.000 0.02 0.781  0.22 0.000  0.22 0.000
305.291667 306.291667 0.10 0.000  0.03 0.000 0.07 0.000  0.39 0.000 0.05 0.000 0.12 0.000 0.02 0.781 0.04 0.000  0.35 0.000  0.081 0.000  0.11 0.000 0.02 0.781  0.13 0.000  0.13 0.000
306.291667 307.291667 0.13 0.000  0.01 0.000 0.02 0.000  0.16 0.000 0.02 0.000 0.09 0.000 0.04 0.000 0.03 0.000  0.18 0.000  0.065 0.000  0.08 0.000 0.02 0.781  0.14 0.000  0.13 0.000
307.291667 308.291667 0.18 0.000  0.01 0.781 0.04 0.000  0.02 0.781 0.01 0.781 0.08 0.000 0.02 0.781 0.03 0.000  0.09 0.000  0.077 0.000  0.08 0.000 0.02 0.781  0.18 0.000  0.09 0.000
308.291667 309.291667 0.15 0.000  0.01 0.000 0.02 0.000  0.01 0.781 0.01 0.781 0.04 0.000 0.02 0.781 0.01 0.781  0.01 0.781  0.005 0.781  0.01 0.781 0.02 0.781  0.16 0.000  0.05 0.000
309.291667 310.291667 0.19 0.000  0.03 0.000 0.03 0.000  0.02 0.781 0.01 0.781 0.04 0.000 0.02 0.781 0.02 0.000  0.01 0.781  0.050 0.000  0.05 0.000 0.02 0.781  0.22 0.000  0.05 0.000
310.291667 311.291667 0.20 0.000  0.08 0.000 0.05 0.000  0.02 0.781 0.02 0.000 0.10 0.000 0.05 0.000 0.22 0.000  0.26 0.000  0.076 0.000  0.09 0.000 0.02 0.781  0.28 0.000  0.15 0.000
311.291667 312.291667 0.19 0.000  0.01 0.781 0.06 0.000  0.16 0.000 0.04 0.000 0.17 0.000 0.02 0.781 0.04 0.000  0.30 0.000  0.065 0.000  0.09 0.000 0.02 0.781  0.19 0.000  0.18 0.000
312.291667 313.291667 0.12 0.000  0.01 0.781 0.07 0.000  0.06 0.000 0.01 0.000 0.06 0.000 0.02 0.781 0.02 0.000  0.13 0.000  0.063 0.000  0.07 0.000 0.02 0.781  0.13 0.000  0.07 0.000
313.291667 314.291667 0.15 0.000  0.01 0.781 0.04 0.000  0.09 0.000 0.01 0.000 0.01 0.781 0.02 0.781 0.01 0.781  0.09 0.000  0.012 0.000  0.02 0.000 0.02 0.781  0.15 0.000  0.02 0.000
314.291667 315.291667 0.11 0.000  0.01 0.781 0.09 0.000  0.50 0.000 0.08 0.000 0.09 0.000 0.02 0.781 0.16 0.000  0.52 0.000  0.016 0.000  0.06 0.000 0.02 0.781  0.12 0.000  0.10 0.000
315.291667 316.291667 0.26 0.000  0.01 0.781 0.06 0.000  0.12 0.000 0.02 0.000 0.03 0.000 0.02 0.781 0.04 0.000  0.11 0.000  0.021 0.000  0.03 0.000 0.02 0.781  0.26 0.000  0.04 0.000
316.291667 317.291667 0.10 0.000  0.01 0.781 0.10 0.000  0.18 0.000 0.04 0.000 0.11 0.000 0.02 0.781 0.11 0.000  0.27 0.000  0.077 0.000  0.10 0.000 0.04 0.000  0.10 0.000  0.12 0.000
317.291667 318.291667 0.17 0.000  0.01 0.781 0.04 0.000  0.34 0.000 0.02 0.000 0.01 0.781 0.02 0.781 0.02 0.000  0.21 0.000  0.012 0.000  0.03 0.000 0.02 0.781  0.17 0.000  0.02 0.000
318.291667 319.291667 0.12 0.000  0.01 0.781 0.10 0.000  0.21 0.000 0.01 0.781 0.02 0.000 0.02 0.781 0.02 0.000  0.04 0.000  0.027 0.000  0.03 0.000 0.02 0.781  0.13 0.000  0.03 0.000
319.291667 320.291667 0.10 0.000  0.01 0.781 0.14 0.000  0.46 0.000 0.04 0.000 0.07 0.000 0.02 0.781 0.05 0.000  0.33 0.000  0.052 0.000  0.08 0.000 0.02 0.781  0.10 0.000  0.08 0.000
320.291667 321.291667 0.12 0.000  0.01 0.781 0.03 0.000  0.02 0.781 0.01 0.781 0.01 0.781 0.02 0.781 0.01 0.781  0.01 0.781  0.005 0.781  0.01 0.781 0.02 0.781  0.12 0.000  0.02 0.000
321.291667 322.291667 0.24 0.000  0.01 0.781 0.12 0.000  0.48 0.000 0.06 0.000 0.12 0.000 0.02 0.781 0.08 0.000  0.49 0.000  0.099 0.000  0.14 0.000 0.02 0.781  0.24 0.000  0.13 0.000
322.291667 323.291667 0.08 0.000  0.01 0.781 0.06 0.000  0.02 0.781 0.01 0.781 0.02 0.000 0.02 0.781 0.03 0.000  0.05 0.000  0.026 0.000  0.03 0.000 0.02 0.781  0.08 0.000  0.03 0.000
323.291667 324.291667 0.11 0.000  0.03 0.000 0.06 0.000  0.02 0.000 0.01 0.000 0.05 0.000 0.02 0.781 0.03 0.000  0.09 0.000  0.042 0.000  0.05 0.000 0.02 0.781  0.14 0.000  0.06 0.000
324.291667 325.291667 0.19 0.000  0.03 0.000 0.14 0.000  0.02 0.781 0.01 0.781 0.06 0.000 0.02 0.781 0.01 0.000  0.06 0.000  0.037 0.000  0.04 0.000 0.02 0.781  0.22 0.000  0.07 0.000
325.291667 326.291667 0.20 0.000  0.04 0.000 0.06 0.000  0.02 0.781 0.01 0.781 0.10 0.000 0.02 0.781 0.12 0.000  0.03 0.000  0.047 0.000  0.05 0.000 0.02 0.781  0.24 0.000  0.11 0.000
326.291667 327.291667 0.21 0.000  0.20 0.000 0.04 0.000  0.02 0.781 0.01 0.781 0.20 0.000 0.02 0.781 0.21 0.000  0.05 0.000  0.196 0.000  0.20 0.000 0.02 0.781  0.40 0.000  0.21 0.000
327.291667 328.291667 0.12 0.000  0.01 0.000 0.32 0.000  0.06 0.000 0.01 0.000 0.06 0.000 0.02 0.781 0.01 0.781  0.09 0.000  0.012 0.000  0.02 0.000 0.02 0.781  0.13 0.000  0.07 0.000
328.291667 329.291667 0.25 0.000  0.18 0.000 0.06 0.000  0.02 0.781 0.01 0.781 0.20 0.000 0.02 0.781 0.01 0.000  0.06 0.000  0.017 0.000  0.02 0.000 0.02 0.781  0.43 0.000  0.21 0.000
329.291667 330.291667 0.29 0.000  0.18 0.000 0.10 0.000  0.06 0.000 0.01 0.781 0.28 0.000 0.02 0.781 0.25 0.000  0.10 0.000  0.137 0.000  0.14 0.000 0.02 0.781  0.47 0.000  0.29 0.000
330.291667 331.291667 0.12 0.000  0.01 0.781 0.04 0.000  0.48 0.000 0.04 0.000 0.02 0.000 0.03 0.000 0.05 0.000  0.29 0.000  0.016 0.000  0.04 0.000 0.02 0.781  0.12 0.000  0.05 0.000
331.291667 332.291667 0.04 0.781  0.01 0.781 0.04 0.000  0.35 0.000 0.03 0.000 0.03 0.000 0.02 0.781 0.01 0.000  0.22 0.000  0.002 0.000  0.02 0.000 0.02 0.781  0.03 0.000  0.04 0.000
332.291667 333.291667 0.19 0.000  0.15 0.000 0.05 0.000  0.02 0.781 0.01 0.781 0.21 0.000 0.18 0.000 0.05 0.000  0.07 0.000  0.037 0.000  0.04 0.000 0.02 0.781  0.33 0.000  0.40 0.000
333.291667 334.291667 0.09 0.000  0.01 0.781 0.03 0.000  0.05 0.000 0.01 0.000 0.05 0.000 0.04 0.000 0.06 0.000  0.06 0.000  0.035 0.000  0.04 0.000 0.04 0.000  0.10 0.000  0.10 0.000
334.291667 335.291667 0.04 0.781  0.01 0.781 0.05 0.000  0.23 0.000 0.02 0.000 0.01 0.000 0.02 0.781 0.01 0.000  0.16 0.000  0.007 0.000  0.02 0.000 0.02 0.781  0.03 0.000  0.02 0.000
335.291667 336.291667 0.05 0.000  0.03 0.000 0.09 0.000  0.58 0.000 0.07 0.000 0.13 0.000 0.16 0.000 0.09 0.000  0.52 0.000  0.066 0.000  0.11 0.000 0.02 0.781  0.08 0.000  0.29 0.000
336.291667 337.291667 0.04 0.781  0.10 0.000 0.12 0.000  0.02 0.000 0.02 0.000 0.09 0.000 0.04 0.000 0.03 0.000  0.20 0.000  0.213 0.000  0.23 0.000 0.02 0.781  0.13 0.000  0.13 0.000
337.291667 338.291667 0.13 0.000  0.01 0.781 0.05 0.000  0.30 0.000 0.02 0.000 0.05 0.000 0.02 0.781 0.03 0.000  0.22 0.000  0.042 0.000  0.06 0.000 0.02 0.781  0.13 0.000  0.06 0.000
338.291667 339.291667 0.15 0.000  0.01 0.781 0.04 0.000  0.20 0.000 0.01 0.000 0.04 0.000 0.02 0.781 0.02 0.000  0.16 0.000  0.023 0.000  0.03 0.000 0.02 0.781  0.15 0.000  0.05 0.000
339.291667 340.291667 0.16 0.000  0.01 0.781 0.04 0.000  0.12 0.000 0.01 0.000 0.02 0.000 0.02 0.781 0.01 0.000  0.11 0.000  0.021 0.000  0.03 0.000 0.02 0.781  0.16 0.000  0.04 0.000
340.291667 341.291667 0.09 0.000  0.01 0.781 0.03 0.000  0.24 0.000 0.02 0.000 0.05 0.000 0.02 0.781 0.02 0.000  0.20 0.000  0.033 0.000  0.05 0.000 0.02 0.781  0.09 0.000  0.06 0.000
341.291667 342.291667 0.13 0.000  0.01 0.781 0.08 0.000  0.03 0.000 0.01 0.000 0.08 0.000 0.03 0.000 0.05 0.000  0.15 0.000  0.073 0.000  0.08 0.000 0.02 0.781  0.13 0.000  0.10 0.000
342.291667 343.291667 0.10 0.000  0.02 0.000 0.04 0.000  0.02 0.781 0.01 0.781 0.05 0.000 0.07 0.000 0.09 0.000  0.06 0.000  0.147 0.000  0.15 0.000 0.02 0.781  0.12 0.000  0.12 0.000
343.291667 344.291667 0.22 0.000  0.06 0.000 0.14 0.000  0.02 0.781 0.02 0.000 0.11 0.000 0.16 0.000 0.19 0.000  0.19 0.000  0.064 0.000  0.08 0.000 0.02 0.781  0.28 0.000  0.26 0.000
344.291667 345.291667 0.26 0.000  0.09 0.000 0.02 0.000  0.02 0.781 0.01 0.781 0.04 0.000 0.05 0.000 0.08 0.000  0.03 0.000  0.197 0.000  0.20 0.000 0.05 0.000  0.34 0.000  0.09 0.000
345.291667 346.291667 0.27 0.000  0.07 0.000 0.09 0.000  0.02 0.781 0.06 0.000 0.23 0.000 0.11 0.000 0.15 0.000  0.45 0.000  0.172 0.000  0.21 0.000 0.02 0.781  0.34 0.000  0.35 0.000
346.291667 347.291667 0.20 0.000  0.01 0.781 0.05 0.000  0.33 0.000 0.04 0.000 0.11 0.000 0.02 0.781 0.05 0.000  0.38 0.000  0.008 0.000  0.04 0.000 0.02 0.781  0.21 0.000  0.12 0.000
