db/R_TOOLS/emepPackagesTesting/emep_data/TT/TT0006R.bad.nas
67 1001
Name, Surname
TT06, Institute of Testing, IoT, , "Test Str., 12345 Testity, Testland", , , , 
Name, Surname
TEST
1 1
2012 01 01 2015 09 24
0.041667
days from file reference point
21
1 1 1 1 1 1 1 1 1 1 1 1 1 1 1 1 1 1 1 1 1
999.999999 99999.99 999.99 999.99 999.999999 999.9999999 999.999999 999.9999999 999.999999 999.9999999 999.999999 999.9999999 999.999999 999.9999999 999.999999 999.9999999 999.999999 999.9999999 999.999999 999.9999999 9.999999
end_time of measurement, days from the file reference point
pressure, hPa, Location=external, Statistics=arithmetic mean, Matrix=instrument, Detection limit expl.=, Measurement uncertainty expl.=
relative_humidity, %, Location=external, Statistics=arithmetic mean, Matrix=instrument, Detection limit expl.=, Measurement uncertainty expl.=
temperature, K, Location=external, Statistics=arithmetic mean, Matrix=instrument, Detection limit expl.=, Measurement uncertainty expl.=
nitrogen_dioxide_plus, nmol/mol, Statistics=arithmetic mean, Calibration scale=NPL+GPT, Volume std. temperature=, Volume std. pressure=, Detection limit=0.5 nmol/mol, Measurement uncertainty=0.5 nmol/mol
nitrogen_dioxide_plus, ug N/m3, Statistics=arithmetic mean, Calibration scale=NPL+GPT, Detection limit=0.3124614 ug N/m3, Measurement uncertainty=0.3124614 ug N/m3
nitrogen_dioxide_plus, nmol/mol, Statistics=percentile:15.87, Volume std. temperature=, Volume std. pressure=, Detection limit=0.5 nmol/mol, Measurement uncertainty=0.5 nmol/mol
nitrogen_dioxide_plus, ug N/m3, Statistics=percentile:15.87, Detection limit=0.3124614 ug N/m3, Measurement uncertainty=0.3124614 ug N/m3
nitrogen_dioxide_plus, nmol/mol, Statistics=percentile:84.13, Volume std. temperature=, Volume std. pressure=, Detection limit=0.5 nmol/mol, Measurement uncertainty=0.5 nmol/mol
nitrogen_dioxide_plus, ug N/m3, Statistics=percentile:84.13, Detection limit=0.3124614 ug N/m3, Measurement uncertainty=0.3124614 ug N/m3
nitrogen_dioxide_plus, nmol/mol, Statistics=uncertainty, Volume std. temperature=, Volume std. pressure=, Detection limit=0.5 nmol/mol, Measurement uncertainty=0.5 nmol/mol
nitrogen_dioxide_plus, ug N/m3, Statistics=uncertainty, Detection limit=0.3124614 ug N/m3, Measurement uncertainty=0.3124614 ug N/m3
nitrogen_monoxide, nmol/mol, Statistics=arithmetic mean, Calibration scale=NPL, Volume std. temperature=, Volume std. pressure=, Detection limit=0.5 nmol/mol, Measurement uncertainty=0.5 nmol/mol
nitrogen_monoxide, ug N/m3, Statistics=arithmetic mean, Calibration scale=NPL, Detection limit=0.3124614 ug N/m3, Measurement uncertainty=0.3124614 ug N/m3
nitrogen_monoxide, nmol/mol, Statistics=percentile:15.87, Volume std. temperature=, Volume std. pressure=, Detection limit=0.5 nmol/mol, Measurement uncertainty=0.5 nmol/mol
nitrogen_monoxide, ug N/m3, Statistics=percentile:15.87, Detection limit=0.3124614 ug N/m3, Measurement uncertainty=0.3124614 ug N/m3
nitrogen_monoxide, nmol/mol, Statistics=percentile:84.13, Volume std. temperature=, Volume std. pressure=, Detection limit=0.5 nmol/mol, Measurement uncertainty=0.5 nmol/mol
nitrogen_monoxide, ug N/m3, Statistics=percentile:84.13, Detection limit=0.3124614 ug N/m3, Measurement uncertainty=0.3124614 ug N/m3
nitrogen_monoxide, nmol/mol, Statistics=uncertainty, Volume std. temperature=, Volume std. pressure=, Detection limit=0.5 nmol/mol, Measurement uncertainty=0.5 nmol/mol
nitrogen_monoxide, ug N/m3, Statistics=uncertainty, Detection limit=0.3124614 ug N/m3, Measurement uncertainty=0.3124614 ug N/m3
numflag, no unit
0
32
Data definition:              EBAS_1.1
Set type code:                TU
Timezone:                     UTC
File name:                    TT0006R.bad.nas
File creation:                20160926091448
Startdate:                    20120101000000
Revision date:                20150924122302
Version:                      1
Version description:          first revision
Data level:                   1.5
Period code:                  1y
Resolution code:              1h
Sample duration:              1h
Orig. time res.:              1mn
Station code:                 TT0006R
Platform code:                TT0006S
Station name:                 TestStation06
Station latitude:             06.60
Station longitude:            06.60
Station altitude:             06.0m
Measurement height:           3.5m
Regime:                       IMG
Component:                    
Unit:                         
Matrix:                       air
Instrument type:              chemiluminescence_photometer
Laboratory code:              TT06L
Instrument name:              InstrumentName06
Method ref:                   TestRef06
Originator:                   Name, Surname, , , , , , , , , 
Submitter:                    Name, Surname, , , , , , , , , 
starttime endtime P rH temperature nitrogen_dioxide_plus nitrogen_dioxide_plus nitrogen_dioxide_plus nitrogen_dioxide_plus nitrogen_dioxide_plus nitrogen_dioxide_plus nitrogen_dioxide_plus nitrogen_dioxide_plus NO NO NO NO NO NO NO NO flag
[from data line 5311]
221.291667 221.333333  1011.10  81.15  15.95   4.275897   2.6721056   3.936400   2.4599462   4.613600   2.8831439   0.596607   0.3728333   1.293955   0.8086220   0.980000   0.6124244   1.597200   0.9981267   0.302721   0.1891773 0.000000
221.333333 221.375000  1011.45  73.10  16.75   2.510975   1.5691656   1.890000   1.1811041   3.171600   1.9820052   0.617831   0.3860967   0.959935   0.5998853   0.610000   0.3812029   1.152800   0.7204110   0.425840   0.2661171 0.000000
221.375000 221.416667  1011.70  82.95  16.50   2.689769   1.6808980   1.736400   1.0851160   4.183600   2.6144271   1.200021   0.7499205   1.075101   0.6718551   0.670000   0.4186983   1.373600   0.8583940   0.575781   0.3598187 0.000000
221.416667 221.458333  1011.80  72.65  17.10   2.525273   1.5781007   1.530000   0.9561319   3.720000   2.3247129   0.991931   0.6198803   1.643154   1.0268444   0.980000   0.6124244   2.293600   1.4333230   0.574046   0.3587344 0.000000
221.458333 221.500000  1011.75  71.70  17.50   1.133139   0.7081244   0.790000   0.4936890   1.460000   0.9123873   0.397920   0.2486693   0.824744   0.5154013   0.610000   0.3812029   1.100000   0.6874151   0.257388   0.1608476 0.000000
221.500000 221.541667  1011.55  50.45  21.30   1.316135   0.8224828   1.066400   0.6664177   1.530000   0.9561319   0.254311   0.1589247   0.591056   0.3693644   0.370000   0.2312214   0.790000   0.4936890   0.231096   0.1444172 0.000000
221.541667 221.583333  1011.25  45.90  22.55   0.990643   0.6190754   0.696400   0.4351962   1.220000   0.7624058   0.257549   0.1609482   0.623059   0.3893638   0.430000   0.2687168   0.829200   0.5181860   0.195208   0.1219899 0.000000
221.583333 221.625000  1010.85  41.60  22.90   1.013642   0.6334480   0.696400   0.4351962   1.340000   0.8373966   0.300889   0.1880324   0.564053   0.3524896   0.370000   0.2312214   0.790000   0.4936890   0.193906   0.1211763 0.000000
221.625000 221.666667  1010.75  40.70  22.30   1.025475   0.6408427   0.730000   0.4561937   1.340000   0.8373966   0.315999   0.1974750   0.514548   0.3215528   0.300000   0.1874768   0.730000   0.4561937   0.207762   0.1298352 0.000000
221.666667 221.708333  1010.75  43.15  21.15   0.538820   0.3367209   0.266400   0.1664794   0.763600   0.4771911   0.221692   0.1385404   0.452543   0.2828044   0.240000   0.1499815   0.670000   0.4186983   0.208063   0.1300233 0.000000
221.708333 221.750000  1010.60  42.40  21.15   0.487822   0.3048511   0.300000   0.1874768   0.730000   0.4561937   0.213245   0.1332617   0.316363   0.1977025   0.060000   0.0374954   0.550000   0.3437075   0.236288   0.1476618 0.000000
221.750000 221.791667  1010.60  39.15  21.90   1.607795   1.0047478   1.040000   0.6499197   2.320000   1.4498209   0.679192   0.4244426   0.409705   0.2560340   0.120000   0.0749907   0.730000   0.4561937   0.258049   0.1612607 0.000000
221.791667 221.833333  1010.90  44.40  18.80   3.750743   2.3439249   2.106400   1.3163374   5.271600   3.2943431   1.485269   0.9281785   0.490046   0.3062409   0.240000   0.1499815   0.730000   0.4561937   0.220805   0.1379861 0.000000
221.833333 221.875000  1011.40  52.05  17.35   4.364729   2.7276187   3.292800   2.0577458   5.442800   3.4013299   1.091854   0.6823245   0.409705   0.2560340   0.120000   0.0749907   0.670000   0.4186983   0.247432   0.1546259 0.000000
221.875000 221.916667  1011.80  64.55  15.05   3.595247   2.2467519   3.206400   2.0037525   4.030000   2.5184389   0.560415   0.3502161   0.535384   0.3345737   0.180000   0.1124861   0.790000   0.4936890   0.271667   0.1697709 0.000000
221.916667 221.958333  1011.95  79.40  14.15   3.078259   1.9236743   2.630000   1.6435470   3.453600   2.1582334   0.636713   0.3978965   0.432207   0.2700960   0.240000   0.1499815   0.610000   0.3812029   0.226827   0.1417494 0.000000
221.958333 222.000000  1012.10  82.40  14.20   2.489940   1.5560203   2.046400   1.2788420   2.990000   1.8685192   0.515087   0.3218896   0.309196   0.1932236   0.120000   0.0749907   0.490000   0.3062122   0.214570   0.1340897 0.000000
222.000000 222.041667  1012.25  80.75  13.85   3.152758   1.9702304   2.372800   1.4828168   3.850000   2.4059528   0.744058   0.4649788   0.354200   0.2213477   0.086400   0.0539933   0.610000   0.3812029   0.295438   0.1846259 0.000000
222.041667 222.083333  1012.25  77.65  13.15   3.099092   1.9366933   2.750000   1.7185377   3.360000   2.0997406   0.423395   0.2645892   0.343366   0.2145772   0.120000   0.0749907   0.583600   0.3647050   0.217446   0.1358870 0.000000
222.083333 222.125000  1012.15  87.20  11.20   3.370752   2.1064598   2.750000   1.7185377   3.720000   2.3247129   1.011990   0.6324156   0.544385   0.3401986   0.240000   0.1499815   0.860000   0.5374336   0.322016   0.2012351 0.000000
222.125000 222.166667  1012.00  89.95  10.30   5.428203   3.3922079   4.116400   2.5724323   6.696400   4.1847331   1.666311   1.0413158   0.860581   0.5377967   0.206400   0.1289841   1.407200   0.8793914   0.892357   0.5576542 0.000000
222.166667 222.208333  1012.00  90.20   9.75   5.104544   3.1899460   4.210000   2.6309250   6.662800   4.1637357   1.236125   0.7724827   1.224282   0.7650817   0.490000   0.3062122   1.650000   1.0311226   0.892491   0.5577380 0.000000
222.208333 222.250000  1012.15  90.20  11.15   4.838884   3.0239290   3.240000   2.0247499   6.230000   3.8932691   1.331946   0.8323634   1.771166   1.1068420   1.100000   0.6874151   2.560000   1.5998024   0.739124   0.4618954 0.000000
222.250000 222.291667  1012.55  88.10  12.55   3.040094   1.8998241   2.380000   1.4873163   3.633600   2.2707195   0.754437   0.4714649   1.460137   0.9124729   1.160000   0.7249105   1.803600   1.1271108   0.438648   0.2741211 0.000000
222.291667 222.333333  1012.85  79.35  13.95   1.547130   0.9668368   0.946400   0.5914269   2.173600   1.3583322   0.584450   0.3652361   0.955590   0.5971700   0.730000   0.4561937   1.253600   0.7834032   0.244363   0.1527080 0.000000
222.333333 222.375000  1012.95  67.45  15.85   0.389991   0.2437143   0.086400   0.0539933   0.703600   0.4396957   0.255310   0.1595490   0.608891   0.3805099   0.370000   0.2312214   0.860000   0.5374336   0.232299   0.1451689 0.000000
222.375000 222.416667  1013.00  51.95  18.25   0.283660   0.1772656   0.000000   0.0000000   0.403600   0.2522188   0.461054   0.2881232   0.565386   0.3533226   0.266400   0.1664794   0.790000   0.4936890   0.322338   0.2014364 0.000000
222.416667 222.458333  1012.95  39.55  20.45   0.125497   0.0784259   0.000000   0.0000000   0.273600   0.1709789   0.185833   0.1161313   0.478045   0.2987412   0.266400   0.1664794   0.670000   0.4186983   0.220214   0.1376168 0.000000
222.458333 222.500000  1012.65  36.15  20.30   0.456156   0.2850623   0.000000   0.0000000   0.643600   0.4022003   0.746692   0.4666249   0.660395   0.4126959   0.240000   0.1499815   0.927200   0.5794284   0.542681   0.3391337 0.000000
222.500000 222.541667  1012.50  37.90  19.45   0.290493   0.1815357   0.000000   0.0000000   0.617200   0.3857024   0.398687   0.2491486   0.552719   0.3454067   0.300000   0.1874768   0.790000   0.4936890   0.289395   0.1808495 0.000000
222.541667 222.583333  1012.20  37.10  19.55   0.465322   0.2907903   0.000000   0.0000000   1.080800   0.6754166   0.660404   0.4127015   0.562886   0.3517603   0.300000   0.1874768   0.829200   0.5181860   0.306327   0.1914307 0.000000
222.583333 222.625000  1012.10  34.65  19.75   0.213995   0.1337304   0.000000   0.0000000   0.430000   0.2687168   0.217535   0.1359426   0.349366   0.2183268   0.120000   0.0749907   0.550000   0.3437075   0.216217   0.1351189 0.000000
222.625000 222.666667  1011.90  34.30  19.75   0.195662   0.1222736   0.000000   0.0000000   0.430000   0.2687168   0.212667   0.1329005   0.383869   0.2398885   0.086400   0.0539933   0.610000   0.3812029   0.234524   0.1465594 0.000000
222.666667 222.708333  1011.55  35.80  19.10   0.445656   0.2785006   0.180000   0.1124861   0.643600   0.4022003   0.245439   0.1533804   0.271859   0.1698909   0.120000   0.0749907   0.430000   0.2687168   0.168544   0.1053270 0.000000
222.708333 222.750000  1011.25  37.00  18.75   0.806314   0.5038840   0.490000   0.3062122   1.100000   0.6874151   0.372588   0.2328387   0.298528   0.1865570   0.000000   0.0000000   0.490000   0.3062122   0.255773   0.1598384 0.000000
222.750000 222.791667  1011.05  40.10  18.10   1.169139   0.7306216   0.920000   0.5749290   1.400000   0.8748919   0.238336   0.1489416   0.354533   0.2215558   0.180000   0.1124861   0.550000   0.3437075   0.216746   0.1354495 0.000000
222.791667 222.833333  1011.00  44.50  17.20   1.481464   0.9258006   1.160000   0.7249105   1.710000   1.0686180   0.302036   0.1887492   0.355533   0.2221807   0.120000   0.0749907   0.583600   0.3647050   0.216955   0.1355801 0.000000
222.833333 222.875000  1011.05  48.50  16.50   1.209138   0.7556179   1.040000   0.6499197   1.460000   0.9123873   0.221792   0.1386029   0.368868   0.2305140   0.206400   0.1289841   0.550000   0.3437075   0.208933   0.1305670 0.000000
222.875000 222.916667  1010.95  51.95  16.30   0.935811   0.5848096   0.670000   0.4186983   1.193600   0.7459079   0.245258   0.1532673   0.382369   0.2389511   0.146400   0.0914887   0.610000   0.3812029   0.224770   0.1404639 0.000000
222.916667 222.958333  1010.90  55.90  16.00   1.408966   0.8804950   1.066400   0.6664177   1.710000   1.0686180   0.341965   0.2137017   0.514548   0.3215528   0.266400   0.1664794   0.730000   0.4561937   0.235085   0.1469100 0.000000
222.958333 223.000000  1010.60  63.00  15.45   1.605461   1.0032892   1.366400   0.8538945   1.830000   1.1436087   0.269378   0.1683405   0.404038   0.2524926   0.206400   0.1289841   0.610000   0.3812029   0.206826   0.1292503 0.000000
223.000000 223.041667  1010.20  68.60  15.05   1.502464   0.9389240   1.280000   0.7999012   1.770000   1.1061134   0.245765   0.1535842   0.426040   0.2662421   0.120000   0.0749907   0.643600   0.4022003   0.265444   0.1658820 0.000000
223.041667 223.083333  1010.00  75.80  14.65   1.160805   0.7254135   0.610000   0.3812029   1.710000   1.0686180   0.534174   0.3338175   0.408872   0.2555134   0.120000   0.0749907   0.643600   0.4022003   0.238666   0.1491478 0.000000
223.083333 223.125000  1010.00  77.60  14.55   1.568629   0.9802720   0.886400   0.5539316   2.500000   1.5623070   0.748215   0.4675766   0.430540   0.2690543   0.146400   0.0914887   0.730000   0.4561937   0.256418   0.1602415 0.000000
223.125000 223.166667  1010.10  82.95  13.75   1.702959   1.0642179   1.460000   0.9123873   1.890000   1.1811041   0.249534   0.1559395   0.442875   0.2767627   0.240000   0.1499815   0.670000   0.4186983   0.246623   0.1541203 0.000000
223.166667 223.208333  1010.15  87.65  13.40   1.646627   1.0290148   1.366400   0.8538945   1.890000   1.1811041   0.293081   0.1831530   0.530217   0.3313447   0.300000   0.1874768   0.730000   0.4561937   0.222865   0.1392734 0.000000
223.208333 223.250000  1010.35  88.55  12.55   1.670293   1.0438042   1.280000   0.7999012   1.989200   1.2430965   0.553328   0.3457873   0.775740   0.4847776   0.550000   0.3437075   0.953600   0.5959264   0.285510   0.1784217 0.000000
223.250000 223.291667  1010.55  89.50  12.60   1.661460   1.0382843   1.366400   0.8538945   1.950000   1.2185995   0.342368   0.2139536   0.794908   0.4967561   0.490000   0.3062122   1.013600   0.6334218   0.247269   0.1545240 0.000000
223.291667 223.333333  1010.75  83.80  14.35   2.655103   1.6592344   1.770000   1.1061134   3.393600   2.1207381   0.754161   0.4712924   0.922920   0.5767538   0.636400   0.3977009   1.193600   0.7459079   0.284469   0.1777712 0.000000
223.333333 223.375000  1010.85  77.65  14.40   1.572129   0.9824593   0.756400   0.4726916   2.690000   1.6810424   1.040025   0.6499353   0.817577   0.5109225   0.516400   0.3227101   1.100000   0.6874151   0.268074   0.1675256 0.000000
223.375000 223.416667  1011.20  70.60  15.20   0.675650   0.4222291   0.430000   0.2687168   0.920000   0.5749290   0.276750   0.1729474   0.804076   0.5024854   0.610000   0.3812029   1.040000   0.6499197   0.255484   0.1596578 0.000000
223.416667 223.458333  1011.40  50.20  18.60   0.735316   0.4595157   0.146400   0.0914887   1.280000   0.7999012   0.490049   0.3062428   0.713067   0.4456118   0.430000   0.2687168   0.920000   0.5749290   0.257925   0.1611832 0.000000
223.458333 223.500000  1011.35  39.80  20.50   0.496155   0.3100586   0.180000   0.1124861   0.860000   0.5374336   0.327193   0.2044704   0.539051   0.3368653   0.300000   0.1874768   0.790000   0.4936890   0.240162   0.1500827 0.000000
223.500000 223.541667  1011.05  34.80  22.15   0.520488   0.3252648   0.060000   0.0374954   1.040000   0.6499197   0.437856   0.2736262   0.512381   0.3201986   0.180000   0.1124861   0.862800   0.5391834   0.371849   0.2323769 0.000000
223.541667 223.583333  1010.75  31.50  22.20   0.553987   0.3461991   0.120000   0.0749907   0.987200   0.6169238   0.438590   0.2740849   0.469544   0.2934288   0.206400   0.1289841   0.670000   0.4186983   0.207802   0.1298602 0.000000
223.583333 223.625000  1010.45  27.70  23.35   0.544154   0.3400542   0.000000   0.0000000   0.862800   0.5391834   0.969042   0.6055765   0.414372   0.2589505   0.086400   0.0539933   0.730000   0.4561937   0.308126   0.1925550 0.000000
223.625000 223.666667  1010.20  28.75  22.65   0.948477   0.5927249   0.396400   0.2477194   1.530000   0.9561319   0.546518   0.3415316   0.540384   0.3376983   0.300000   0.1874768   0.730000   0.4561937   0.306434   0.1914976 0.000000
223.666667 223.708333  1009.90  32.80  20.50   1.134973   0.7092705   0.670000   0.4186983   1.664400   1.0401215   0.450871   0.2817596   0.530550   0.3315528   0.240000   0.1499815   0.730000   0.4561937   0.315169   0.1969563 0.000000
223.708333 223.750000  1009.60  36.05  20.35   0.978810   0.6116807   0.610000   0.3812029   1.313600   0.8208986   0.468273   0.2926345   0.442042   0.2762421   0.206400   0.1289841   0.610000   0.3812029   0.231760   0.1448321 0.000000
223.750000 223.791667  1009.25  33.25  21.75   2.104283   1.3150144   1.306400   0.8163992   2.903600   1.8145259   0.817521   0.5108875   0.217354   0.1358295   0.060000   0.0374954   0.370000   0.2312214   0.177047   0.1106407 0.000000
223.791667 223.833333  1009.15  37.15  19.45   3.237256   2.0230351   2.260000   1.4123256   4.873600   3.0456238   1.419055   0.8867998   0.348699   0.2179100   0.146400   0.0914887   0.550000   0.3437075   0.225372   0.1408401 0.000000
223.833333 223.875000  1009.40  57.80  14.80   2.885097   1.8029629   1.856400   1.1601067   4.063600   2.5394363   1.056439   0.6601928   0.492213   0.3075951   0.180000   0.1124861   0.730000   0.4561937   0.423816   0.2648523 0.000000
223.875000 223.916667  1009.50  80.40  11.80   4.255065   2.6590872   2.630000   1.6435470   5.283600   3.3018422   1.527206   0.9543859   0.416372   0.2602004   0.120000   0.0749907   0.730000   0.4561937   0.329235   0.2057465 0.000000
223.916667 223.958333  1009.40  86.65  10.35   3.220256   2.0124114   2.690000   1.6810424   3.977200   2.4854430   0.665433   0.4158443   0.463544   0.2896792   0.180000   0.1124861   0.670000   0.4186983   0.261699   0.1635417 0.000000
223.958333 224.000000  1009.20  89.45   9.35   2.813266   1.7580741   2.260000   1.4123256   3.273600   2.0457473   0.514913   0.3217809   0.491046   0.3068658   0.180000   0.1124861   0.829200   0.5181860   0.333970   0.2087055 0.000000
224.000000 224.041667  1008.95  90.20   8.60   2.969262   1.8555596   2.630000   1.6435470   3.213600   2.0082519   0.431326   0.2695455   0.385703   0.2410346   0.180000   0.1124861   0.670000   0.4186983   0.222827   0.1392497 0.000000
224.041667 224.083333  1008.65  90.30   8.00   4.102902   2.5639971   3.266400   2.0412479   5.163600   3.2268514   0.951521   0.5946272   1.313290   0.8207049   0.330800   0.2067245   1.506400   0.9413837   1.679414   1.0495041 0.000000
