db/R_TOOLS/emepPackagesTesting/emep_data/TT/TT0001R.good.nas
53 1001
Name, Surname
TT01, Institute of Testing, IoT, , "Test Str., 12345 Testity, Testland", , , , 
Name, Surname
TEST
1 1
2011 01 01 2011 07 04
0.041667
days from file reference point
11
1 1 1 1 1 1 1 1 1 1 1
999.999999 999.9999 999.999 99.999 99.999 99.9999 99.999 99.999 999.9999 999.9999 9.999
end_time of measurement, days from the file reference point
ammonium, ug N/m3
calcium, ug/m3
chloride, ug/m3
magnesium, ug/m3
nitrate, ug N/m3
potassium, ug/m3
sodium, ug/m3
sulphate_corrected, ug S/m3
sulphate_total, ug S/m3
numflag, no unit
0
28
Data definition:              EBAS_1.1
Set type code:                TU
Timezone:                     UTC
File name:                    TT0001R.good.nas
File creation:                20151130122131
Startdate:                    20110101000000
Revision date:                20110704000000
Statistics:                   arithmetic mean
Data level:                   
Period code:                  5mo
Resolution code:              1h
Station code:                 TT0001R
Platform code:                TT0001S
Station name:                 TestStation01
Station latitude:             01.10
Station longitude:            01.10
Station altitude:             01.0m
Regime:                       IMG
Component:                    
Unit:                         ug/m3
Matrix:                       pm10
Instrument type:              online_IC
Laboratory code:              TT01L
Instrument name:              InstrumentName01
Method ref:                   TestRef01
Originator:                   Name, Surname, , , , , , , , , 
Submitter:                    Name, Surname, , , , , , , , , 
starttime endtime NH4+ Ca++ Cl- Mg++ NO3- K+ Na+ XSO4-- SO4-- flag
[from data line 809]
 33.708333  33.750000   0.9473   0.396 99.999  0.115  1.0812 99.999 99.999   0.7584   0.6747 0.000
 33.750000  33.791667   1.0516   0.302 99.999  0.117  1.2530 99.999 99.999   0.8014   0.7177 0.000
 33.791667  33.833333   1.0298   0.319 99.999  0.151  1.2556 99.999 99.999   0.7764   0.6927 0.000
 33.833333  33.875000   1.1472   0.297 99.999  0.154  1.4117 99.999 99.999   0.7680   0.6843 0.000
 33.875000  33.916667   1.1480   0.343  0.052  0.175  1.5417  0.041 99.999   0.5497   0.6713 0.000
 33.916667  33.958333   1.2390   0.340 99.999  0.164  1.5254 99.999 99.999   0.7864   0.7027 0.000
 33.958333  34.000000   1.3292   0.308 99.999  0.172  1.6462 99.999 99.999   0.8140   0.7303 0.000
 34.000000  34.041667   1.4062   0.316 99.999  0.223  1.7643 99.999 99.999   0.8560   0.7723 0.000
 34.041667  34.083333   1.3409   0.345 99.999  0.267  1.6438 99.999 99.999   0.8644   0.7807 0.000
 34.083333  34.125000   1.3246   0.422 99.999  0.295  1.6424 99.999 99.999   0.8714   0.7877 0.000
 34.125000  34.166667   1.1923   0.356 99.999  0.293  1.6278 99.999 99.999   0.7447   0.6610 0.000
 34.166667  34.208333   1.0904   0.276  0.050  0.244  1.5067 99.999 99.999   0.3931   0.5627 0.000
 34.208333  34.250000   1.0064   0.298 99.999  0.273  1.4359 99.999 99.999   0.6344   0.5507 0.000
 34.250000  34.291667   0.9893   0.317 99.999  0.268  1.3691 99.999 99.999   0.6384   0.5547 0.000
 34.291667  34.333333   0.9932   0.378 99.999  0.209  1.2938 99.999 99.999   0.7004   0.6167 0.000
 34.333333  34.375000   0.9326   0.356 99.999  0.233  1.2457 99.999 99.999   0.6604   0.5767 0.000
 34.375000  34.416667   0.6121   0.422 99.999  0.323  0.9721 99.999 99.999   0.5514   0.4677 0.000
 34.416667  34.458333   0.4114   0.402 99.999  0.367  0.6936 99.999 99.999   0.4434   0.3597 0.000
 34.458333  34.500000   0.2613   0.474 99.999  0.353  0.5078 99.999 99.999   0.3944   0.3107 0.000
 34.500000  34.541667   0.2232   0.379 99.999  0.302  0.4789 99.999 99.999   0.3317   0.2480 0.000
 34.541667  34.583333   0.1867   0.347 99.999  0.267  0.3832 99.999 99.999   0.3770   0.2933 0.000
 34.583333  34.625000   0.3127   0.421 99.999  0.255  0.5530 99.999 99.999   0.4154   0.3317 0.000
 34.625000  34.666667   0.4146   0.386 99.999  0.261  0.6755 99.999 99.999   0.5050   0.4213 0.000
 34.666667  34.708333   0.4091   0.385 99.999  0.255  0.5883 99.999 99.999   0.5207   0.4370 0.000
 34.708333  34.750000   0.3928   0.391 99.999  0.289  0.5970 99.999 99.999   0.5500   0.4663 0.000
 34.750000  34.791667   0.4954   0.384 99.999  0.280  0.7376 99.999 99.999   0.5737   0.4900 0.000
 34.791667  34.833333   0.4177   0.406 99.999  0.320  0.6396 99.999 99.999   0.5157   0.4320 0.000
 34.833333  34.875000   0.2769   0.423  0.048  0.269  0.5055 99.999 99.999   0.1390   0.3260 0.000
 34.875000  34.916667   0.2590   0.381  0.060  0.238  0.5463 99.999 99.999   0.1543   0.3197 0.000
 34.916667  34.958333   0.2574   0.302  0.049  0.218  0.5340 99.999 99.999   0.1218   0.2733 0.000
 34.958333  35.000000   0.2714   0.366 99.999  0.252  0.5982 99.999 99.999   0.4154   0.3317 0.000
 35.000000  35.041667   0.2940   0.367 99.999  0.238  0.6128 99.999 99.999   0.4090   0.3253 0.000
 35.041667  35.083333   0.2831   0.426 99.999  0.290  0.5795 99.999 99.999   0.4290   0.3453 0.000
 35.083333  35.125000   0.3041   0.388 99.999  0.366  0.6046 99.999 99.999   0.4307   0.3470 0.000
 35.125000  35.166667   0.3080   0.541 99.999  0.500  0.6831 99.999 99.999   0.4474   0.3637 0.000
 35.166667  35.208333   0.3399   0.619 99.999  0.574  0.6618 99.999  0.036   0.3853   0.3883 0.000
 35.208333  35.250000   0.3617   0.610 99.999  0.661  0.6872 99.999  0.053   0.4366   0.4410 0.000
 35.250000  35.291667   0.3516   0.668 99.999  0.684  0.6930  0.027  0.055   0.4521   0.4567 0.000
 35.291667  35.333333   0.3274   0.591 99.999  0.798  0.6035 99.999  0.063   0.4437   0.4490 0.000
 35.333333  35.375000   0.2963   0.621 99.999  0.736  0.5600 99.999  0.064   0.4316   0.4370 0.000
 35.375000  35.416667   0.2419   0.563 99.999  0.747  0.5708 99.999  0.065   0.4169   0.4223 0.000
 35.416667  35.458333   0.2256   0.649 99.999  0.737  0.4579 99.999  0.068   0.3883   0.3940 0.000
 35.458333  35.500000   0.2326   0.703 99.999  0.733  0.4427 99.999  0.055   0.4154   0.4200 0.000
 35.500000  35.541667   0.2147   0.634 99.999  0.740  0.4678 99.999  0.052   0.4309   0.4353 0.000
 35.541667  35.583333   0.2007   0.609 99.999  0.720  0.3660 99.999  0.052   0.4169   0.4213 0.000
 35.583333  35.625000   0.1797   0.574 99.999  0.692  0.3570 99.999  0.041   0.3709   0.3743 0.000
 35.625000  35.666667   0.1719   0.549 99.999  0.663  0.3704 99.999  0.035   0.4034   0.4063 0.000
 35.666667  35.708333   0.1657   0.558 99.999  0.578  0.3097 99.999  0.035   0.3578   0.3607 0.000
 35.708333  35.750000   0.1447   0.587 99.999  0.594  0.3022 99.999  0.031   0.3507   0.3533 0.000
 35.750000  35.791667   0.1299   0.486 99.999  0.540  0.3646 99.999  0.028   0.3447   0.3470 0.000
 35.791667  35.833333   0.1377   0.531 99.999  0.531  0.3115 99.999  0.023   0.3268   0.3287 0.000
 35.833333  35.875000   0.1626   0.550 99.999  0.531  0.3424 99.999 99.999   0.4200   0.3363 0.000
 35.875000  35.916667   0.1641   0.429 99.999  0.498  0.4115 99.999 99.999   0.4487   0.3650 0.000
 35.916667  35.958333   0.1423   0.425 99.999  0.440  0.3200 99.999 99.999   0.4054   0.3217 0.000
 35.958333  36.000000   0.1532   0.407 99.999  0.441  0.3328 99.999 99.999   0.4114   0.3277 0.000
 36.000000  36.041667   0.1462   0.353 99.999  0.349  0.3652 99.999 99.999   0.4117   0.3280 0.000
 36.041667  36.083333   0.1999   0.424 99.999  0.349  0.3760 99.999 99.999   0.4487   0.3650 0.000
 36.083333  36.125000   0.1937   0.398 99.999  0.338  0.3870 99.999 99.999   0.4297   0.3460 0.000
 36.125000  36.166667   0.1983   0.357 99.999  0.355  0.3471  0.019 99.999   0.4444   0.3607 0.000
 36.166667  36.208333   0.2201   0.421 99.999  0.296  0.3900 99.999 99.999   0.4530   0.3693 0.000
 36.208333  36.250000   0.2442   0.461 99.999  0.351  0.4145 99.999 99.999   0.4930   0.4093 0.000
 36.250000  36.291667   0.2512   0.477 99.999  0.327  0.3900 99.999 99.999   0.5210   0.4373 0.000
 36.291667  36.333333   0.2380   0.400 99.999  0.357  0.4016 99.999 99.999   0.4987   0.4150 0.000
 36.333333  36.375000   0.2341   0.429 99.999  0.276  0.3777 99.999 99.999   0.4690   0.3853 0.000
 36.375000  36.416667   0.2668   0.343 99.999  0.271  0.3611 99.999 99.999   0.5104   0.4267 0.000
 36.416667  36.458333   0.2676   0.380 99.999  0.283  0.3748 99.999 99.999   0.4947   0.4110 0.000
 36.458333  36.500000   0.2940   0.410 99.999  0.319  0.4130 99.999 99.999   0.5560   0.4723 0.000
 36.500000  36.541667   0.3158   0.479 99.999  0.396  0.3955 99.999 99.999   0.6177   0.5340 0.000
 36.541667  36.583333   0.3096   0.523 99.999  0.445  0.3958 99.999 99.999   0.5850   0.5013 0.000
 36.583333  36.625000   0.2652   0.503 99.999  0.407  0.3730 99.999 99.999   0.5877   0.5040 0.000
 36.625000  36.666667   0.2917   0.552 99.999  0.452  0.3564 99.999 99.999   0.6720   0.5883 0.000
 36.666667  36.708333   0.2652   0.549 99.999  0.463  0.3404 99.999 99.999   0.6090   0.5253 0.000
 36.708333  36.750000   0.2520   0.549 99.999  0.464  0.4077 99.999 99.999   0.5640   0.4803 0.000
 36.750000  36.791667   0.2707   0.632 99.999  0.462  0.4270 99.999 99.999   0.5367   0.4530 0.000
 36.791667  36.833333   0.3344   0.573 99.999  0.475  0.5008 99.999 99.999   0.5764   0.4927 0.000
 36.833333  36.875000   0.4068   0.544 99.999  0.468  0.6239 99.999 99.999   0.6397   0.5560 0.000
 36.875000  36.916667   0.4519   0.557 99.999  0.528  0.6612 99.999 99.999   0.6450   0.5613 0.000
 36.916667  36.958333   0.5382   0.545 99.999  0.503  0.8047 99.999 99.999   0.6557   0.5720 0.000
 36.958333  37.000000   0.6440   0.590 99.999  0.549  0.8660 99.999 99.999   0.7220   0.6383 0.000
 37.000000  37.041667   0.6821   0.557 99.999  0.524  0.8660 99.999 99.999   0.7007   0.6170 0.000
 37.041667  37.083333   0.6759   0.530 99.999  0.548  0.8429 99.999 99.999   0.6727   0.5890 0.000
 37.083333  37.125000   0.6743   0.488 99.999  0.520  0.8902 99.999 99.999   0.6950   0.6113 0.000
 37.125000  37.166667   0.7964   0.514 99.999  0.526  0.9497 99.999 99.999   0.7607   0.6770 0.000
 37.166667  37.208333   0.7762   0.486 99.999  0.461  0.8905 99.999 99.999   0.7710   0.6873 0.000
 37.208333  37.250000   0.8128   0.503 99.999  0.491  0.9838 99.999 99.999   0.8154   0.7317 0.000
 37.250000  37.291667   0.9014   0.486 99.999  0.484  0.9922 99.999 99.999   0.9310   0.8473 0.000
 37.291667  37.333333   0.9940   0.536 99.999  0.513  1.1427 99.999 99.999   0.9867   0.9030 0.000
 37.333333  37.375000   1.0484   0.578 99.999  0.492  1.1920 99.999 99.999   1.0177   0.9340 0.000
 37.375000  37.416667   0.9691   0.677 99.999  0.516  1.0757 99.999 99.999   0.8834   0.7997 0.000
 37.416667  37.458333   1.0469   0.648 99.999  0.504  1.2501 99.999 99.999   0.9354   0.8517 0.000
 37.458333  37.500000   0.9839   0.693 99.999  0.510  1.1827 99.999 99.999   0.8654   0.7817 0.000
 37.500000  37.541667   0.9053   0.636 99.999  0.478  1.1509 99.999 99.999   0.7720   0.6883 0.000
 37.541667  37.583333   0.8937   0.618 99.999  0.485  1.2784 99.999 99.999   0.7047   0.6210 0.000
 37.583333  37.625000   0.9038   0.569 99.999  0.424  1.2679 99.999 99.999   0.6954   0.6117 0.000
 37.625000  37.666667   0.7653   0.698 99.999  0.400  1.0491 99.999 99.999   0.6690   0.5853 0.000
 37.666667  37.708333   0.6238   0.806 99.999  0.372  0.9526 99.999 99.999   0.7074   0.6237 0.000
 37.708333  37.750000   0.5009   0.859  0.058  0.372  0.7726 99.999 99.999   0.3205   0.5790 0.000
 37.750000  37.791667   0.5413   0.850  0.053  0.328  0.7860 99.999 99.999   0.3260   0.5540 0.000
 37.791667  37.833333   0.5118   0.940  0.083  0.267  0.8076 99.999 99.999   0.3661   0.5517 0.000
 37.833333  37.875000   0.5429   0.972  0.084  0.264  0.8461 99.999 99.999   0.3888   0.5723 0.000
 37.875000  37.916667   0.4916   0.911  0.118  0.265  0.7009 99.999 99.999   0.3795   0.5637 0.000
 37.916667  37.958333   0.4122   0.827  0.125  0.237  0.6148 99.999 99.999   0.3426   0.5073 0.000
 37.958333  38.000000   0.2590   0.855  0.120  0.185  0.4124 99.999 99.999   0.3227   0.4513 0.000
 38.000000  38.041667   0.1976   0.870  0.117  0.179  0.3587 99.999 99.999   0.2366   0.3610 0.000
 38.041667  38.083333   0.2123   0.911  0.103  0.156  0.4145 99.999 99.999   0.2516   0.3600 0.000
 38.083333  38.125000   0.1843   0.967  0.092  0.170  0.4168 99.999 99.999   0.2245   0.3427 0.000
 38.125000  38.166667   0.2123   1.068  0.088  0.178  0.4369 99.999 99.999   0.2093   0.3330 0.000
 38.166667  38.208333   0.2481   1.052  0.149  0.184  0.5597 99.999 99.999   0.2104   0.3383 0.000
 38.208333  38.250000   0.3990   1.118  0.056  0.180  0.7738 99.999 99.999   0.2909   0.4160 0.000
 38.250000  38.291667   0.5530   1.269 99.999  0.417  0.8237 99.999 99.999   0.6320   0.5483 0.000
 38.291667  38.333333   0.5063   1.032 99.999  0.796  0.8059 99.999  0.067   0.6381   0.6437 0.000
 38.333333  38.375000   0.4830   0.986 99.999  0.781  0.7534 99.999  0.053   0.5906   0.5950 0.000
 38.375000  38.416667 999.9999 999.999 99.999 99.999 99.9999 99.999 99.999 999.9999 999.9999 0.999
 38.416667  38.458333 999.9999 999.999 99.999 99.999 99.9999 99.999 99.999 999.9999 999.9999 0.999
 38.458333  38.500000 999.9999 999.999 99.999 99.999 99.9999 99.999 99.999 999.9999 999.9999 0.999
 38.500000  38.541667 999.9999 999.999 99.999 99.999 99.9999 99.999 99.999 999.9999 999.9999 0.999
 38.541667  38.583333   0.7257   9.593  0.992  0.995  0.9485  0.071  0.582   0.9313   0.9800 0.000
 38.583333  38.625000   0.8206   2.438  0.860  0.637  0.6761  0.077  0.273   0.6621   0.6850 0.000
 38.625000  38.666667   0.5242   4.349  0.691  0.574  0.4556 99.999  0.261   0.5822   0.6040 0.000
 38.666667  38.708333   0.5141   1.588  0.497  0.519  0.6533 99.999  0.221   0.4858   0.5043 0.000
 38.708333  38.750000   0.4923   3.113  0.732  0.621  0.6673 99.999  0.258   0.5581   0.5797 0.000
 38.750000  38.791667   0.5872   1.467  0.692  0.572  0.7796  0.065  0.229   0.4845   0.5037 0.000
 38.791667  38.833333   0.6214   2.306  0.604  0.526  0.7898  0.049  0.217   0.5228   0.5410 0.000
 38.833333  38.875000   0.7257   1.163  0.722  0.500  0.8654  0.093  0.206   0.4545   0.4717 0.000
 38.875000  38.916667   0.6813   1.591  0.591  0.478  0.8557  0.063  0.176   0.4776   0.4923 0.000
 38.916667  38.958333   0.7863   1.070  0.455  0.438  0.9476  0.116  0.182   0.4535   0.4687 0.000
 38.958333  39.000000   0.8322   1.439  0.488  0.425  1.0316 99.999  0.155   0.4500   0.4630 0.000
 39.000000  39.041667   0.9256   1.006  0.513  0.400  1.1623  0.083  0.165   0.4479   0.4617 0.000
 39.041667  39.083333   1.0702   1.355  0.405  0.432  1.3084  0.079  0.151   0.4594   0.4720 0.000
 39.083333  39.125000   1.2087   0.928  0.389  0.422  1.4706  0.070  0.128   0.4500   0.4607 0.000
 39.125000  39.166667   1.2367   1.058  0.296  0.382  1.4481  0.128  0.097   0.4432   0.4513 0.000
 39.166667  39.208333   1.3059   0.772  0.164  0.346  1.5318  0.088  0.089   0.4586   0.4660 0.000
 39.208333  39.250000   1.2429   0.991  0.262  0.336  1.4799  0.058  0.085   0.4502   0.4573 0.000
 39.250000  39.291667   1.7834   0.891  0.192  0.337  2.0411 99.999  0.091   0.5131   0.5207 0.000
 39.291667  39.333333 999.9999 999.999 99.999 99.999 99.9999 99.999 99.999 999.9999 999.9999 0.999
 39.333333  39.375000 999.9999 999.999 99.999 99.999 99.9999 99.999 99.999 999.9999 999.9999 0.999
 39.375000  39.416667 999.9999 999.999 99.999 99.999 99.9999 99.999 99.999 999.9999 999.9999 0.999
 39.416667  39.458333 999.9999 999.999 99.999 99.999 99.9999 99.999 99.999 999.9999 999.9999 0.999
 39.458333  39.500000 999.9999 999.999 99.999 99.999 99.9999 99.999 99.999 999.9999 999.9999 0.999
 39.500000  39.541667 999.9999 999.999 99.999 99.999 99.9999 99.999 99.999 999.9999 999.9999 0.999
 39.541667  39.583333 999.9999 999.999 99.999 99.999 99.9999 99.999 99.999 999.9999 999.9999 0.999
 39.583333  39.625000 999.9999 999.999 99.999 99.999 99.9999 99.999 99.999 999.9999 999.9999 0.999
 39.625000  39.666667 999.9999 999.999 99.999 99.999 99.9999 99.999 99.999 999.9999 999.9999 0.999
 39.666667  39.708333 999.9999 999.999 99.999 99.999 99.9999 99.999 99.999 999.9999 999.9999 0.999
 39.708333  39.750000 999.9999 999.999 99.999 99.999 99.9999 99.999 99.999 999.9999 999.9999 0.999
 39.750000  39.791667 999.9999 999.999 99.999 99.999 99.9999 99.999 99.999 999.9999 999.9999 0.999
 39.791667  39.833333 999.9999 999.999 99.999 99.999 99.9999 99.999 99.999 999.9999 999.9999 0.999
 39.833333  39.875000 999.9999 999.999 99.999 99.999 99.9999 99.999 99.999 999.9999 999.9999 0.999
 39.875000  39.916667 999.9999 999.999 99.999 99.999 99.9999 99.999 99.999 999.9999 999.9999 0.999
 39.916667  39.958333 999.9999 999.999 99.999 99.999 99.9999 99.999 99.999 999.9999 999.9999 0.999
 39.958333  40.000000 999.9999 999.999 99.999 99.999 99.9999 99.999 99.999 999.9999 999.9999 0.999
 40.000000  40.041667 999.9999 999.999 99.999 99.999 99.9999 99.999 99.999 999.9999 999.9999 0.999
 40.041667  40.083333 999.9999 999.999 99.999 99.999 99.9999 99.999 99.999 999.9999 999.9999 0.999
 40.083333  40.125000 999.9999 999.999 99.999 99.999 99.9999 99.999 99.999 999.9999 999.9999 0.999
 40.125000  40.166667 999.9999 999.999 99.999 99.999 99.9999 99.999 99.999 999.9999 999.9999 0.999
 40.166667  40.208333 999.9999 999.999 99.999 99.999 99.9999 99.999 99.999 999.9999 999.9999 0.999
 40.208333  40.250000 999.9999 999.999 99.999 99.999 99.9999 99.999 99.999 999.9999 999.9999 0.999
 40.250000  40.291667 999.9999 999.999 99.999 99.999 99.9999 99.999 99.999 999.9999 999.9999 0.999
 40.291667  40.333333   2.2291   1.059  0.100  0.345  2.5107  0.055  0.093   0.5652   0.5730 0.000
 40.333333  40.375000 999.9999 999.999 99.999 99.999 99.9999 99.999 99.999 999.9999 999.9999 0.999
