db/R_TOOLS/emepPackagesTesting/emep_data/TT/TT0002R.good.nas
45 1001
Name, Surname
TT02, Institute of Testing, IoT, , "Test Str., 12345 Testity, Testland", , , , 
Name, Surname
TEST
1 1
2011 01 01 2012 09 17
1
days from file reference point
3
1 1 1
999 99.99 9.999
end_time of measurement, days from the file reference point
nitrate, ug N/m3
numflag nitrate, no unit
0
28
Data definition:              EBAS_1.1
Set type code:                TU
Timezone:                     UTC
File name:                    TT0002R.good.nas
File creation:                20151130115715
Startdate:                    20110101000000
Revision date:                20120917000000
Statistics:                   arithmetic mean
Data level:                   
Period code:                  7mo
Resolution code:              1d
Station code:                 TT0002R
Platform code:                TT0002S
Station name:                 TestStation02
Station latitude:             02.20
Station longitude:            02.20
Station altitude:             02.0m
Regime:                       IMG
Component:                    nitrate
Unit:                         ug N/m3
Matrix:                       aerosol
Instrument type:              filter_3pack
Laboratory code:              TT02L
Instrument name:              InstrumentName02
Method ref:                   TestRef02
Originator:                   Name, Surname, , , , , , , , , 
Submitter:                    Name, Surname, , , , , , , , , 
starttime endtime NO3- flag_NO3-
  0   1  0.08 0.000
  1   2  0.08 0.000
  2   3  0.01 0.000
  3   4  1.61 0.000
  4   5  0.31 0.000
  5   6  1.45 0.000
  6   7  0.48 0.000
  7   8  0.97 0.000
  8   9  0.59 0.000
  9  10  0.95 0.000
 10  11  2.26 0.000
 11  12  0.69 0.000
 12  13 99.99 0.999
 13  14 99.99 0.999
 14  15 99.99 0.999
 15  16 99.99 0.999
 16  17 99.99 0.999
 17  18  0.38 0.000
 18  19  0.25 0.000
 19  20  0.90 0.000
 20  21  0.47 0.000
 21  22  0.47 0.000
 22  23  0.27 0.000
 23  24  0.24 0.000
 24  25  0.24 0.000
 25  26  0.32 0.000
 26  27  0.58 0.000
 27  28  1.22 0.000
 28  29  1.87 0.000
 29  30  0.71 0.000
 30  31  1.45 0.000
 31  32  1.74 0.000
 32  33  1.43 0.000
 33  34  0.68 0.000
 34  35  0.60 0.000
 35  36  0.37 0.000
 36  37  0.52 0.000
 37  38  0.85 0.000
 38  39  0.20 0.000
 39  40  1.18 0.000
 40  41  2.54 0.000
 41  42  0.26 0.000
 42  43  0.32 0.000
 43  44  0.92 0.000
 44  45  0.87 0.000
 45  46  1.71 0.000
 46  47  2.37 0.000
 47  48  2.41 0.000
 48  49 99.99 0.999
 49  50 99.99 0.999
 50  51 99.99 0.999
 51  52 99.99 0.999
 52  53  0.24 0.000
 53  54  2.48 0.000
 54  55  3.32 0.000
 55  56  2.95 0.000
 56  57  3.05 0.000
 57  58 99.99 0.999
 58  59  2.12 0.000
 59  60  2.48 0.000
 60  61  1.25 0.000
 61  62  1.62 0.000
 62  63  1.07 0.000
 63  64  0.25 0.000
 64  65  0.33 0.000
 65  66  0.76 0.000
 66  67  1.42 0.000
 67  68  3.00 0.000
 68  69  0.66 0.000
 69  70  0.36 0.000
 70  71  1.95 0.000
 71  72  2.70 0.000
 72  73  3.33 0.000
 73  74  1.88 0.000
 74  75  0.53 0.000
 75  76  1.01 0.000
 76  77  1.44 0.000
 77  78  0.57 0.000
 78  79  1.23 0.000
 79  80  4.54 0.000
 80  81  2.75 0.000
 81  82  0.70 0.000
 82  83  0.87 0.000
 83  84  0.56 0.000
 84  85  0.29 0.000
 85  86  0.73 0.000
 86  87  0.27 0.000
 87  88  1.08 0.000
 88  89 99.99 0.999
 89  90 99.99 0.999
 90  91 99.99 0.999
 91  92 99.99 0.999
 92  93  1.27 0.000
 93  94  1.09 0.000
 94  95  1.25 0.000
 95  96  1.86 0.000
 96  97  1.02 0.000
 97  98  0.41 0.000
 98  99  0.34 0.000
 99 100  1.03 0.000
100 101  1.19 0.000
101 102  0.35 0.000
102 103  0.32 0.000
103 104  0.96 0.000
104 105  1.86 0.000
105 106  4.52 0.000
106 107  0.45 0.000
107 108  0.22 0.000
108 109  1.73 0.000
109 110  3.76 0.000
110 111  2.34 0.000
111 112  1.48 0.000
112 113  1.17 0.000
113 114  1.11 0.000
114 115  0.89 0.000
115 116  1.12 0.000
116 117  0.80 0.000
117 118  0.46 0.000
118 119  0.21 0.000
119 120  0.25 0.000
120 121  0.33 0.000
121 122  0.18 0.000
122 123  0.28 0.000
123 124  0.17 0.000
124 125  0.26 0.000
125 126  1.46 0.000
126 127  0.91 0.000
127 128  0.25 0.000
128 129  0.34 0.000
129 130  1.04 0.000
130 131  1.78 0.000
131 132  1.42 0.000
132 133  0.62 0.000
133 134  0.44 0.000
134 135  0.13 0.000
135 136  0.34 0.000
136 137  0.41 0.000
137 138  1.93 0.000
138 139  0.78 0.000
139 140  0.65 0.000
140 141  0.91 0.000
141 142  1.76 0.000
142 143  1.06 0.000
143 144  0.39 0.000
144 145  0.29 0.000
145 146  0.78 0.000
146 147  0.51 0.000
147 148  0.65 0.000
148 149  0.56 0.000
149 150  1.61 0.000
150 151 99.99 0.999
151 152  0.60 0.000
152 153  1.18 0.000
153 154  0.39 0.000
154 155  0.36 0.000
155 156  0.46 0.000
156 157 99.99 0.999
157 158  0.48 0.000
158 159  0.65 0.000
159 160  1.30 0.000
160 161  0.39 0.000
161 162  0.58 0.000
162 163  0.55 0.000
163 164  0.83 0.000
164 165  0.49 0.000
165 166  0.66 0.000
166 167  0.67 0.000
167 168  0.83 0.000
168 169  0.59 0.000
169 170  0.35 0.000
170 171  0.55 0.000
171 172  0.83 0.000
172 173  1.03 0.000
173 174  0.49 0.000
174 175  0.24 0.000
175 176  0.33 0.000
176 177  0.18 0.000
177 178  0.17 0.000
178 179  0.22 0.000
179 180  0.34 0.000
180 181  0.32 0.000
181 182  0.01 0.000
182 183  0.23 0.000
183 184  0.21 0.000
184 185  0.15 0.000
185 186  0.25 0.000
186 187  0.63 0.000
187 188  0.70 0.000
188 189  0.58 0.000
189 190  0.19 0.000
190 191  1.81 0.000
191 192  0.49 0.000
192 193  0.21 0.000
193 194  0.12 0.000
194 195  0.19 0.000
195 196 99.99 0.999
196 197 99.99 0.999
197 198 99.99 0.999
198 199 99.99 0.999
199 200 99.99 0.999
200 201 99.99 0.999
201 202 99.99 0.999
202 203 99.99 0.999
203 204 99.99 0.999
204 205 99.99 0.999
205 206 99.99 0.999
206 207 99.99 0.999
207 208  0.32 0.000
208 209  0.23 0.000
209 210  0.30 0.000
210 211  0.36 0.000
211 212  0.37 0.000
