db/R_TOOLS/emepPackagesTesting/emep_data/TT/TT0004R.good.nas
71 1001
Name, Surname
TT04, Institute of Testing, IoT, , "Test Str., 12345 Testity, Testland", , , , 
Name, Surname
TEST
1 1
2013 01 01 2014 05 01
1.000000
days from file reference point
29
1 1 1 1 1 1 1 1 1 1 1 1 1 1 1 1 1 1 1 1 1 1 1 1 1 1 1 1 1
999.999999 9.99 9.999 99.99 9.999 9.99 9.999 99.99 9.999 9.99 9.999 9.99 9.999 9.99 9.999 9.99 9.999 99.99 9.999 99.999 9.999 99.99 9.999 9.99 9.999 99.99 9.999 99.99 9.999
end_time of measurement, days from the file reference point
ammonia, ug N/m3, Matrix=air, Method ref=NO01L_IC_air
numflag ammonia, no unit, Matrix=air, Method ref=NO01L_IC_air
ammonium, ug N/m3
numflag ammonium, no unit
calcium, ug/m3
numflag calcium, no unit
chloride, ug/m3
numflag chloride, no unit
magnesium, ug/m3
numflag magnesium, no unit
nitrate, ug N/m3
numflag nitrate, no unit
nitric_acid, ug N/m3, Matrix=air, Method ref=NO01L_IC_air
numflag nitric_acid, no unit, Matrix=air, Method ref=NO01L_IC_air
potassium, ug/m3
numflag potassium, no unit
sodium, ug/m3
numflag sodium, no unit
sulphate_corrected, ug S/m3
numflag sulphate_corrected, no unit
sulphate_total, ug S/m3
numflag sulphate_total, no unit
sulphur_dioxide, ug S/m3, Matrix=air, Method ref=NO01L_IC_air
numflag sulphur_dioxide, no unit, Matrix=air, Method ref=NO01L_IC_air
sum_ammonia_and_ammonium, ug N/m3, Matrix=air+aerosol, Method ref=NO01L_IC_air+aero
numflag sum_ammonia_and_ammonium, no unit, Matrix=air+aerosol, Method ref=NO01L_IC_air+aero
sum_nitric_acid_and_nitrate, ug N/m3, Matrix=air+aerosol, Method ref=NO01L_IC_air+aero
numflag sum_nitric_acid_and_nitrate, no unit, Matrix=air+aerosol, Method ref=NO01L_IC_air+aero
0
28
Data definition:              EBAS_1.1
Set type code:                TU
Timezone:                     UTC
File name:                    TT0004R.good.nas
File creation:                20151130125131
Startdate:                    20130101070000
Revision date:                20140501000000
Statistics:                   arithmetic mean
Data level:                   
Period code:                  1y
Resolution code:              1d
Station code:                 TT0004R
Platform code:                TT0004S
Station name:                 TestStation04
Station latitude:             04.40
Station longitude:            04.40
Station altitude:             04.0m
Regime:                       IMG
Component:                    
Unit:                         
Matrix:                       aerosol
Instrument type:              filter_3pack
Laboratory code:              TT04L
Instrument name:              InstrumentName04
Method ref:                   TestRef04
Originator:                   Name, Surname, , , , , , , , , 
Submitter:                    Name, Surname, , , , , , , , , 
starttime endtime NH3 flag_NH3 NH4+ flag_NH4+ Ca++ flag_Ca++ Cl- flag_Cl- Mg++ flag_Mg++ NO3- flag_NO3- HNO3 flag_HNO3 K+ flag_K+ Na+ flag_Na+ XSO4-- flag_XSO4-- SO4-- flag_SO4-- SO2 flag_SO2 NH3+NH4 flag_NH3+NH4 HNO3+NO3 flag_HNO3+NO3
  0.291667   1.291667 0.09 0.000  0.03 0.000 0.01 0.000  0.02 0.781 0.01 0.781 0.12 0.000 0.08 0.000 0.03 0.000  0.07 0.000  0.037 0.000  0.04 0.000 0.04 0.000  0.13 0.000  0.19 0.000
  1.291667   2.291667 0.05 0.781  0.01 0.000 0.04 0.000  0.02 0.781 0.01 0.781 0.06 0.000 0.02 0.781 0.01 0.781  0.01 0.000  0.029 0.000  0.03 0.000 0.02 0.000  0.04 0.000  0.07 0.000
  2.291667   3.291667 0.15 0.000  0.58 0.000 0.02 0.000  0.04 0.000 0.02 0.000 0.78 0.000 0.16 0.000 0.12 0.000  0.18 0.000  0.105 0.000  0.12 0.000 0.03 0.000  0.73 0.000  0.95 0.000
  3.291667   4.291667 0.05 0.781  0.01 0.781 0.01 0.781  0.12 0.000 0.01 0.000 0.07 0.000 0.02 0.781 0.01 0.781  0.14 0.000  0.023 0.000  0.03 0.000 0.03 0.000  0.03 0.000  0.08 0.000
  4.291667   5.291667 0.05 0.781  0.07 0.000 0.01 0.781  0.02 0.781 0.01 0.781 0.10 0.000 0.08 0.000 0.05 0.000  0.03 0.000  0.067 0.000  0.07 0.000 0.03 0.000  0.09 0.000  0.18 0.000
  5.291667   6.291667 0.05 0.781  0.01 0.781 0.01 0.781  0.02 0.781 0.01 0.781 0.06 0.000 0.02 0.781 0.01 0.781  0.08 0.000  0.027 0.000  0.03 0.000 0.03 0.000  0.03 0.000  0.07 0.000
  6.291667   7.291667 0.05 0.781  0.09 0.000 0.01 0.781  0.02 0.781 0.01 0.781 0.02 0.000 0.12 0.000 0.01 0.000  0.01 0.781  0.180 0.000  0.18 0.000 0.02 0.781  0.11 0.000  0.13 0.000
  7.291667   8.291667 0.05 0.781  0.04 0.000 0.01 0.781  0.02 0.781 0.01 0.781 0.05 0.000 0.09 0.000 0.02 0.000  0.01 0.000  0.069 0.000  0.07 0.000 0.03 0.000  0.06 0.000  0.14 0.000
  8.291667   9.291667 0.10 0.000  0.03 0.000 0.05 0.000  0.02 0.781 0.02 0.000 0.15 0.000 0.07 0.000 0.04 0.000  0.15 0.000  0.047 0.000  0.06 0.000 0.02 0.781  0.13 0.000  0.22 0.000
  9.291667  10.291667 0.10 0.000  0.01 0.781 0.01 0.781  0.02 0.781 0.01 0.781 0.04 0.000 0.02 0.781 0.01 0.781  0.04 0.000  0.027 0.000  0.03 0.000 0.02 0.781  0.10 0.000  0.05 0.000
 10.291667  11.291667 0.08 0.000  0.08 0.000 0.01 0.781  0.02 0.781 0.01 0.781 0.08 0.000 0.10 0.000 0.01 0.781  0.01 0.781  0.080 0.000  0.08 0.000 0.03 0.000  0.16 0.000  0.18 0.000
 11.291667  12.291667 0.05 0.000  0.01 0.781 0.01 0.781  0.02 0.781 0.01 0.781 0.03 0.000 0.02 0.000 0.01 0.000  0.01 0.781  0.020 0.000  0.02 0.000 0.02 0.781  0.06 0.000  0.05 0.000
 12.291667  13.291667 0.10 0.000  0.03 0.000 0.01 0.000  0.02 0.781 0.01 0.781 0.08 0.000 0.07 0.000 0.05 0.000  0.02 0.000  0.038 0.000  0.04 0.000 0.02 0.781  0.13 0.000  0.15 0.000
 13.291667  14.291667 0.05 0.000  0.11 0.000 0.01 0.781  0.02 0.781 0.01 0.781 0.12 0.000 0.08 0.000 0.07 0.000  0.01 0.000  0.089 0.000  0.09 0.000 0.02 0.781  0.16 0.000  0.21 0.000
 14.291667  15.291667 0.10 0.000  0.09 0.000 0.02 0.000  0.02 0.781 0.01 0.781 0.07 0.000 0.08 0.000 0.06 0.000  0.01 0.781  0.130 0.000  0.13 0.000 0.02 0.781  0.18 0.000  0.15 0.000
 15.291667  16.291667 0.10 0.000  0.05 0.000 0.01 0.781  0.02 0.781 0.01 0.781 0.01 0.781 0.05 0.000 0.01 0.781  0.01 0.781  0.090 0.000  0.09 0.000 0.02 0.781  0.15 0.000  0.06 0.000
 16.291667  17.291667 0.12 0.000  0.16 0.000 0.01 0.781  0.02 0.781 0.01 0.781 0.02 0.000 0.07 0.000 0.02 0.000  0.01 0.781  0.250 0.000  0.25 0.000 0.03 0.000  0.28 0.000  0.10 0.000
 17.291667  18.291667 0.15 0.000  0.23 0.000 0.01 0.781  0.02 0.781 0.01 0.781 0.03 0.000 0.09 0.000 0.02 0.000  0.01 0.781  0.360 0.000  0.36 0.000 0.02 0.000  0.38 0.000  0.11 0.000
 18.291667  19.291667 0.12 0.000  0.09 0.000 0.09 0.000  0.02 0.781 0.01 0.781 0.02 0.000 0.02 0.781 0.01 0.781  0.01 0.000  0.199 0.000  0.20 0.000 0.04 0.000  0.21 0.000  0.03 0.000
 19.291667  20.291667 0.12 0.000  0.02 0.000 0.01 0.781  0.16 0.000 0.03 0.000 0.10 0.000 0.02 0.781 0.01 0.781  0.20 0.000  0.063 0.000  0.08 0.000 0.02 0.781  0.14 0.000  0.11 0.000
 20.291667  21.291667 0.09 0.000  0.04 0.000 0.02 0.000  0.21 0.000 0.02 0.000 0.08 0.000 0.02 0.781 0.01 0.781  0.20 0.000  0.083 0.000  0.10 0.000 0.02 0.781  0.13 0.000  0.10 0.000
 21.291667  22.291667 0.15 0.000  0.04 0.000 0.01 0.000  0.02 0.781 0.01 0.000 0.04 0.000 0.02 0.781 0.01 0.781  0.05 0.000  0.066 0.000  0.07 0.000 0.02 0.781  0.18 0.000  0.05 0.000
 22.291667  23.291667 0.08 0.000  0.01 0.781 0.02 0.000  0.02 0.781 0.01 0.000 0.01 0.000 0.02 0.781 0.01 0.781  0.03 0.000  0.027 0.000  0.03 0.000 0.02 0.000  0.08 0.000  0.02 0.000
 23.291667  24.291667 0.07 0.000  0.01 0.000 0.01 0.781  0.01 0.781 0.01 0.781 0.03 0.000 0.02 0.781 0.01 0.000  0.02 0.000  0.018 0.000  0.02 0.000 0.02 0.781  0.08 0.000  0.04 0.000
 24.291667  25.291667 0.10 0.000  0.37 0.000 0.01 0.000  0.02 0.781 0.01 0.781 0.36 0.000 0.05 0.000 0.11 0.000  0.03 0.000  0.177 0.000  0.18 0.000 0.02 0.781  0.47 0.000  0.40 0.000
 25.291667  26.291667 0.15 0.000  0.75 0.000 0.03 0.000  0.03 0.000 0.03 0.000 0.32 0.000 0.14 0.000 0.09 0.000  0.28 0.000  0.877 0.000  0.90 0.000 0.18 0.000  0.90 0.000  0.46 0.000
 26.291667  27.291667 0.09 0.000  0.95 0.000 0.01 0.781  0.02 0.781 0.01 0.781 0.03 0.000 0.13 0.000 0.08 0.000  0.05 0.000  1.376 0.000  1.38 0.000 0.15 0.000  1.04 0.000  0.16 0.000
 27.291667  28.291667 0.15 0.000  0.07 0.000 0.03 0.000  0.52 0.000 0.06 0.000 0.20 0.000 0.03 0.000 0.02 0.000  0.66 0.000  0.225 0.000  0.28 0.000 0.02 0.781  0.22 0.000  0.23 0.000
 28.291667  29.291667 0.20 0.000  0.15 0.000 0.01 0.781  0.02 0.781 0.01 0.781 0.10 0.000 0.16 0.000 0.05 0.000  0.02 0.000  0.158 0.000  0.16 0.000 0.02 0.781  0.35 0.000  0.26 0.000
 29.291667  30.291667 0.17 0.000  0.03 0.000 0.05 0.000  1.82 0.000 0.13 0.000 0.17 0.000 0.04 0.000 0.03 0.000  1.16 0.000  0.103 0.000  0.20 0.000 0.02 0.781  0.21 0.000  0.22 0.000
 30.291667  31.291667 0.16 0.000  0.01 0.781 0.01 0.781  0.19 0.000 0.01 0.000 0.05 0.000 0.03 0.000 0.02 0.000  0.15 0.000  0.043 0.000  0.05 0.000 0.02 0.781  0.16 0.000  0.07 0.000
 31.291667  32.291667 0.19 0.000  0.01 0.000 0.01 0.781  0.14 0.000 0.01 0.000 0.07 0.000 0.06 0.000 0.03 0.000  0.15 0.000  0.043 0.000  0.05 0.000 0.02 0.781  0.20 0.000  0.12 0.000
 32.291667  33.291667 0.16 0.000  0.01 0.781 0.01 0.781  0.09 0.000 0.01 0.781 0.04 0.000 0.02 0.781 0.02 0.000  0.07 0.000  0.017 0.000  0.02 0.000 0.02 0.781  0.16 0.000  0.05 0.000
 33.291667  34.291667 0.14 0.000  0.06 0.000 0.01 0.000  0.02 0.781 0.01 0.781 0.10 0.000 0.03 0.000 0.13 0.000  0.08 0.000  0.117 0.000  0.12 0.000 0.02 0.781  0.20 0.000  0.14 0.000
 34.291667  35.291667 0.12 0.000  0.08 0.000 0.01 0.000  0.02 0.781 0.01 0.781 0.05 0.000 0.07 0.000 0.11 0.000  0.02 0.000  0.148 0.000  0.15 0.000 0.02 0.781  0.20 0.000  0.13 0.000
 35.291667  36.291667 0.20 0.000  0.02 0.000 0.01 0.000  0.02 0.781 0.01 0.781 0.03 0.000 0.03 0.000 0.02 0.000  0.02 0.000  0.048 0.000  0.05 0.000 0.02 0.781  0.21 0.000  0.05 0.000
 36.291667  37.291667 0.08 0.000  0.12 0.000 0.01 0.781  0.02 0.781 0.01 0.781 0.02 0.000 0.04 0.000 0.03 0.000  0.01 0.000  0.209 0.000  0.21 0.000 0.03 0.000  0.19 0.000  0.06 0.000
 37.291667  38.291667 0.11 0.000  0.12 0.000 0.02 0.000  0.02 0.781 0.01 0.781 0.04 0.000 0.04 0.000 0.03 0.000  0.02 0.000  0.208 0.000  0.21 0.000 0.04 0.000  0.23 0.000  0.08 0.000
 38.291667  39.291667 0.11 0.000  0.10 0.000 0.01 0.781  0.02 0.781 0.01 0.781 0.04 0.000 0.04 0.000 0.02 0.000  0.04 0.000  0.187 0.000  0.19 0.000 0.04 0.000  0.21 0.000  0.08 0.000
 39.291667  40.291667 0.13 0.000  0.06 0.000 0.01 0.781  0.07 0.000 0.01 0.781 0.03 0.000 0.04 0.000 0.01 0.781  0.04 0.000  0.107 0.000  0.11 0.000 0.03 0.000  0.19 0.000  0.07 0.000
 40.291667  41.291667 0.11 0.000  0.13 0.000 0.01 0.781  0.06 0.000 0.01 0.781 0.01 0.000 0.02 0.781 0.02 0.000  0.01 0.000  0.247 0.000  0.25 0.000 0.03 0.000  0.24 0.000  0.02 0.000
 41.291667  42.291667 0.13 0.000  0.15 0.000 0.01 0.781  0.06 0.000 0.01 0.781 0.02 0.000 0.04 0.000 0.02 0.000  0.01 0.781  0.237 0.000  0.24 0.000 0.03 0.000  0.28 0.000  0.06 0.000
 42.291667  43.291667 0.15 0.000  0.16 0.000 0.01 0.000  0.06 0.000 0.01 0.781 0.03 0.000 0.03 0.000 0.04 0.000  0.01 0.781  0.237 0.000  0.24 0.000 0.06 0.000  0.30 0.000  0.05 0.000
 43.291667  44.291667 0.13 0.000  0.47 0.000 0.01 0.781  0.06 0.000 0.01 0.781 0.34 0.000 0.11 0.000 0.05 0.000  0.02 0.000  0.257 0.000  0.26 0.000 0.04 0.000  0.60 0.000  0.46 0.000
 44.291667  45.291667 0.10 0.000  0.47 0.000 0.01 0.000  0.06 0.000 0.01 0.781 0.06 0.000 0.06 0.000 0.16 0.000  0.03 0.000  0.667 0.000  0.67 0.000 0.03 0.000  0.57 0.000  0.12 0.000
 45.291667  46.291667 0.10 0.000  0.57 0.000 0.01 0.781  0.04 0.000 0.01 0.781 0.06 0.000 0.11 0.000 0.12 0.000  0.01 0.000  0.789 0.000  0.79 0.000 0.03 0.000  0.67 0.000  0.17 0.000
 46.291667  47.291667 0.07 0.000  0.89 0.000 0.01 0.781  0.05 0.000 0.01 0.781 0.12 0.000 0.26 0.000 0.19 0.000  0.05 0.000  1.206 0.000  1.21 0.000 0.11 0.000  0.95 0.000  0.38 0.000
 47.291667  48.291667 0.09 0.000  0.52 0.000 0.01 0.781  0.06 0.000 0.01 0.781 0.14 0.000 0.09 0.000 0.08 0.000  0.03 0.000  0.527 0.000  0.53 0.000 0.02 0.781  0.61 0.000  0.24 0.000
 48.291667  49.291667 0.27 0.000  0.31 0.000 0.01 0.781  0.02 0.781 0.01 0.781 0.21 0.000 0.12 0.000 0.15 0.000  0.01 0.781  0.210 0.000  0.21 0.000 0.02 0.781  0.58 0.000  0.33 0.000
 49.291667  50.291667 0.07 0.000  0.18 0.000 0.01 0.781  0.02 0.781 0.01 0.781 0.01 0.000 0.03 0.000 0.02 0.000  0.01 0.781  0.340 0.000  0.34 0.000 0.22 0.000  0.26 0.000  0.04 0.000
 50.291667  51.291667 0.11 0.000  0.10 0.000 0.01 0.000  0.02 0.781 0.01 0.781 0.04 0.000 0.02 0.000 0.08 0.000  0.01 0.000  0.149 0.000  0.15 0.000 0.02 0.781  0.22 0.000  0.07 0.000
 51.291667  52.291667 0.18 0.000  0.07 0.000 0.01 0.000  0.15 0.000 0.01 0.781 0.12 0.000 0.07 0.000 0.05 0.000  0.18 0.000  0.057 0.000  0.06 0.000 0.02 0.781  0.24 0.000  0.19 0.000
 52.291667  53.291667 0.16 0.000  0.01 0.781 0.01 0.781  0.02 0.781 0.01 0.781 0.04 0.000 0.03 0.000 0.02 0.000  0.03 0.000  0.017 0.000  0.02 0.000 0.02 0.781  0.16 0.000  0.07 0.000
 53.291667  54.291667 0.11 0.000  0.01 0.781 0.04 0.000  0.09 0.000 0.01 0.781 0.03 0.000 0.02 0.781 0.04 0.000  0.01 0.781  0.017 0.000  0.02 0.000 0.02 0.781  0.12 0.000  0.04 0.000
 54.291667  55.291667 0.22 0.000  0.03 0.000 0.03 0.000  0.02 0.781 0.01 0.781 0.08 0.000 0.04 0.000 0.12 0.000  0.02 0.000  0.048 0.000  0.05 0.000 0.02 0.781  0.25 0.000  0.12 0.000
 55.291667  56.291667 0.46 0.000  0.19 0.000 0.02 0.000  0.07 0.000 0.01 0.781 0.30 0.000 0.04 0.000 0.08 0.000  0.10 0.000  0.037 0.000  0.04 0.000 0.02 0.781  0.65 0.000  0.34 0.000
 56.291667  57.291667 0.30 0.000  0.03 0.000 0.04 0.000  0.30 0.000 0.01 0.781 0.13 0.000 0.08 0.000 0.07 0.000  0.39 0.000  0.077 0.000  0.08 0.000 0.05 0.000  0.32 0.000  0.21 0.000
 57.291667  58.291667 0.36 0.000  0.14 0.000 0.06 0.000  0.18 0.000 0.01 0.781 0.21 0.000 0.11 0.000 0.12 0.000  0.32 0.000  0.207 0.000  0.21 0.000 0.03 0.000  0.50 0.000  0.32 0.000
 58.291667  59.291667 0.42 0.000  0.06 0.000 0.04 0.000  0.15 0.000 0.01 0.781 0.07 0.000 0.11 0.000 0.07 0.000  0.15 0.000  0.137 0.000  0.14 0.000 0.03 0.000  0.48 0.000  0.18 0.000
 59.291667  60.291667 0.21 0.000  0.01 0.781 0.05 0.000  0.21 0.000 0.01 0.000 0.03 0.000 0.02 0.781 0.01 0.781  0.15 0.000  0.017 0.000  0.03 0.000 0.02 0.781  0.22 0.000  0.04 0.000
 60.291667  61.291667 0.20 0.000  0.01 0.781 0.02 0.000  0.25 0.000 0.01 0.000 0.02 0.000 0.02 0.781 0.01 0.781  0.17 0.000  0.026 0.000  0.04 0.000 0.02 0.781  0.20 0.000  0.03 0.000
 61.291667  62.291667 0.21 0.000  0.01 0.781 0.10 0.000  0.47 0.000 0.03 0.000 0.03 0.000 0.02 0.781 0.01 0.000  0.31 0.000  0.034 0.000  0.06 0.000 0.02 0.781  0.21 0.000  0.04 0.000
 62.291667  63.291667 0.24 0.000  0.01 0.781 0.06 0.000  0.61 0.000 0.04 0.000 0.16 0.000 0.04 0.000 0.06 0.000  0.54 0.000  0.072 0.000  0.10 0.000 0.06 0.000  0.24 0.000  0.20 0.000
 63.291667  64.291667 0.30 0.000  0.73 0.000 0.08 0.000  0.03 0.000 0.05 0.000 0.52 0.000 0.14 0.000 0.10 0.000  0.39 0.000  0.667 0.000  0.70 0.000 0.02 0.781  1.03 0.000  0.66 0.000
 64.291667  65.291667 0.32 0.000  0.02 0.000 0.03 0.000  0.33 0.000 0.03 0.000 0.06 0.000 0.04 0.000 0.04 0.000  0.27 0.000  0.077 0.000  0.10 0.000 0.02 0.781  0.35 0.000  0.11 0.000
 65.291667  66.291667 0.27 0.000  0.01 0.781 0.04 0.000  0.74 0.000 0.05 0.000 0.06 0.000 0.02 0.000 0.03 0.000  0.49 0.000  0.029 0.000  0.07 0.000 0.02 0.781  0.27 0.000  0.08 0.000
 66.291667  67.291667 0.25 0.000  0.01 0.781 0.05 0.000  0.61 0.000 0.04 0.000 0.09 0.000 0.02 0.000 0.04 0.000  0.45 0.000  0.052 0.000  0.08 0.000 0.02 0.781  0.25 0.000  0.11 0.000
 67.291667  68.291667 0.15 0.000  0.01 0.781 0.02 0.000  0.19 0.000 0.02 0.000 0.06 0.000 0.02 0.781 0.04 0.000  0.18 0.000  0.045 0.000  0.06 0.000 0.02 0.781  0.15 0.000  0.07 0.000
 68.291667  69.291667 0.14 0.000  0.01 0.781 0.04 0.000  0.14 0.000 0.02 0.000 0.04 0.000 0.02 0.781 0.03 0.000  0.11 0.000  0.041 0.000  0.05 0.000 0.02 0.000  0.15 0.000  0.05 0.000
 69.291667  70.291667 9.99 0.999  0.01 0.781 0.03 0.000  0.07 0.000 0.01 0.781 0.01 0.781 0.02 0.781 0.01 0.781  0.03 0.000  0.017 0.000  0.02 0.000 0.02 0.781 99.99 0.999  0.01 0.000
 70.291667  71.291667 9.99 0.999  0.01 0.781 0.03 0.000  0.18 0.000 0.02 0.000 0.04 0.000 0.02 0.781 0.04 0.000  0.15 0.000  0.067 0.000  0.08 0.000 0.02 0.781 99.99 0.999  0.05 0.000
 71.291667  72.291667 9.99 0.999  0.10 0.000 0.03 0.000  0.05 0.000 0.01 0.000 0.03 0.000 0.02 0.781 0.04 0.000  0.07 0.000  0.104 0.000  0.11 0.000 0.06 0.000 99.99 0.999  0.04 0.000
 72.291667  73.291667 9.99 0.999  0.02 0.000 0.03 0.000  0.13 0.000 0.01 0.000 0.07 0.000 0.02 0.781 0.02 0.000  0.13 0.000  0.093 0.000  0.10 0.000 0.04 0.000 99.99 0.999  0.08 0.000
 73.291667  74.291667 9.99 0.999  0.13 0.000 0.05 0.000  0.02 0.781 0.02 0.000 0.21 0.000 0.09 0.000 0.08 0.000  0.15 0.000  0.177 0.000  0.19 0.000 0.15 0.000 99.99 0.999  0.30 0.000
 74.291667  75.291667 9.99 0.999  0.69 0.000 0.05 0.000  0.13 0.000 0.05 0.000 0.81 0.000 0.09 0.000 0.17 0.000  0.50 0.000  0.358 0.000  0.40 0.000 0.09 0.000 99.99 0.999  0.91 0.000
 75.291667  76.291667 9.99 0.999  0.39 0.000 0.06 0.000  0.02 0.781 0.01 0.781 0.31 0.000 0.18 0.000 0.10 0.000  0.10 0.000  0.357 0.000  0.36 0.000 0.05 0.000 99.99 0.999  0.49 0.000
 76.291667  77.291667 9.99 0.999  0.16 0.000 0.06 0.000  0.04 0.000 0.01 0.781 0.06 0.000 0.05 0.000 0.05 0.000  0.12 0.000  0.287 0.000  0.29 0.000 0.17 0.000 99.99 0.999  0.11 0.000
 77.291667  78.291667 9.99 0.999  0.22 0.000 0.04 0.000  0.07 0.000 0.01 0.781 0.05 0.000 0.04 0.000 0.01 0.781  0.12 0.000  0.507 0.000  0.51 0.000 0.40 0.000 99.99 0.999  0.09 0.000
 78.291667  79.291667 9.99 0.999  0.14 0.000 0.04 0.000  0.13 0.000 0.02 0.000 0.06 0.000 0.03 0.000 0.04 0.000  0.17 0.000  0.286 0.000  0.30 0.000 0.29 0.000 99.99 0.999  0.08 0.000
 79.291667  80.291667 9.99 0.999  0.13 0.000 0.04 0.000  0.14 0.000 0.02 0.000 0.06 0.000 0.02 0.781 0.05 0.000  0.17 0.000  0.306 0.000  0.32 0.000 0.35 0.000 99.99 0.999  0.07 0.000
 80.291667  81.291667 9.99 0.999  0.12 0.000 0.04 0.000  0.15 0.000 0.02 0.000 0.07 0.000 0.02 0.781 0.04 0.000  0.22 0.000  0.262 0.000  0.28 0.000 0.19 0.000 99.99 0.999  0.08 0.000
 81.291667  82.291667 9.99 0.999  0.10 0.000 0.07 0.000  0.11 0.000 0.02 0.000 0.06 0.000 0.02 0.781 0.05 0.000  0.12 0.000  0.230 0.000  0.24 0.000 0.10 0.000 99.99 0.999  0.07 0.000
 82.291667  83.291667 9.99 0.999  0.06 0.000 0.03 0.000  0.09 0.000 0.01 0.000 0.04 0.000 0.02 0.781 0.05 0.000  0.07 0.000  0.144 0.000  0.15 0.000 0.03 0.000 99.99 0.999  0.06 0.000
 83.291667  84.291667 9.99 0.999  0.04 0.000 0.06 0.000  0.09 0.000 0.01 0.781 0.04 0.000 0.02 0.781 0.04 0.000  0.08 0.000  0.117 0.000  0.12 0.000 0.02 0.781 99.99 0.999  0.05 0.000
 84.291667  85.291667 9.99 0.999  0.13 0.000 0.05 0.000  0.06 0.000 0.01 0.000 0.07 0.000 0.03 0.000 0.06 0.000  0.10 0.000  0.212 0.000  0.22 0.000 0.04 0.000 99.99 0.999  0.10 0.000
 85.291667  86.291667 9.99 0.999  0.06 0.000 0.02 0.000  0.03 0.000 0.01 0.781 0.02 0.000 0.02 0.781 0.04 0.000  0.03 0.000  0.087 0.000  0.09 0.000 0.06 0.000 99.99 0.999  0.03 0.000
