db/R_TOOLS/emepPackagesTesting/emep_data/TT/TT0006R.bad.nas
67 1001
Name, Surname
TT06, Institute of Testing, IoT, , "Test Str., 12345 Testity, Testland", , , , 
Name, Surname
TEST
1 1
2012 01 01 2015 09 24
0.041667
days from file reference point
21
1 1 1 1 1 1 1 1 1 1 1 1 1 1 1 1 1 1 1 1 1
999.999999 99999.99 999.99 999.99 999.999999 999.9999999 999.999999 999.9999999 999.999999 999.9999999 999.999999 999.9999999 999.999999 999.9999999 999.999999 999.9999999 999.999999 999.9999999 999.999999 999.9999999 9.999999
end_time of measurement, days from the file reference point
pressure, hPa, Location=external, Statistics=arithmetic mean, Matrix=instrument, Detection limit expl.=, Measurement uncertainty expl.=
relative_humidity, %, Location=external, Statistics=arithmetic mean, Matrix=instrument, Detection limit expl.=, Measurement uncertainty expl.=
temperature, K, Location=external, Statistics=arithmetic mean, Matrix=instrument, Detection limit expl.=, Measurement uncertainty expl.=
nitrogen_dioxide_plus, nmol/mol, Statistics=arithmetic mean, Calibration scale=NPL+GPT, Volume std. temperature=, Volume std. pressure=, Detection limit=0.5 nmol/mol, Measurement uncertainty=0.5 nmol/mol
nitrogen_dioxide_plus, ug N/m3, Statistics=arithmetic mean, Calibration scale=NPL+GPT, Detection limit=0.3124614 ug N/m3, Measurement uncertainty=0.3124614 ug N/m3
nitrogen_dioxide_plus, nmol/mol, Statistics=percentile:15.87, Volume std. temperature=, Volume std. pressure=, Detection limit=0.5 nmol/mol, Measurement uncertainty=0.5 nmol/mol
nitrogen_dioxide_plus, ug N/m3, Statistics=percentile:15.87, Detection limit=0.3124614 ug N/m3, Measurement uncertainty=0.3124614 ug N/m3
nitrogen_dioxide_plus, nmol/mol, Statistics=percentile:84.13, Volume std. temperature=, Volume std. pressure=, Detection limit=0.5 nmol/mol, Measurement uncertainty=0.5 nmol/mol
nitrogen_dioxide_plus, ug N/m3, Statistics=percentile:84.13, Detection limit=0.3124614 ug N/m3, Measurement uncertainty=0.3124614 ug N/m3
nitrogen_dioxide_plus, nmol/mol, Statistics=uncertainty, Volume std. temperature=, Volume std. pressure=, Detection limit=0.5 nmol/mol, Measurement uncertainty=0.5 nmol/mol
nitrogen_dioxide_plus, ug N/m3, Statistics=uncertainty, Detection limit=0.3124614 ug N/m3, Measurement uncertainty=0.3124614 ug N/m3
nitrogen_monoxide, nmol/mol, Statistics=arithmetic mean, Calibration scale=NPL, Volume std. temperature=, Volume std. pressure=, Detection limit=0.5 nmol/mol, Measurement uncertainty=0.5 nmol/mol
nitrogen_monoxide, ug N/m3, Statistics=arithmetic mean, Calibration scale=NPL, Detection limit=0.3124614 ug N/m3, Measurement uncertainty=0.3124614 ug N/m3
nitrogen_monoxide, nmol/mol, Statistics=percentile:15.87, Volume std. temperature=, Volume std. pressure=, Detection limit=0.5 nmol/mol, Measurement uncertainty=0.5 nmol/mol
nitrogen_monoxide, ug N/m3, Statistics=percentile:15.87, Detection limit=0.3124614 ug N/m3, Measurement uncertainty=0.3124614 ug N/m3
nitrogen_monoxide, nmol/mol, Statistics=percentile:84.13, Volume std. temperature=, Volume std. pressure=, Detection limit=0.5 nmol/mol, Measurement uncertainty=0.5 nmol/mol
nitrogen_monoxide, ug N/m3, Statistics=percentile:84.13, Detection limit=0.3124614 ug N/m3, Measurement uncertainty=0.3124614 ug N/m3
nitrogen_monoxide, nmol/mol, Statistics=uncertainty, Volume std. temperature=, Volume std. pressure=, Detection limit=0.5 nmol/mol, Measurement uncertainty=0.5 nmol/mol
nitrogen_monoxide, ug N/m3, Statistics=uncertainty, Detection limit=0.3124614 ug N/m3, Measurement uncertainty=0.3124614 ug N/m3
numflag, no unit
0
32
Data definition:              EBAS_1.1
Set type code:                TU
Timezone:                     UTC
File name:                    TT0006R.bad.nas
File creation:                20160926091448
Startdate:                    20120101000000
Revision date:                20150924122302
Version:                      1
Version description:          first revision
Data level:                   1.5
Period code:                  1y
Resolution code:              1h
Sample duration:              1h
Orig. time res.:              1mn
Station code:                 TT0006R
Platform code:                TT0006S
Station name:                 TestStation06
Station latitude:             06.60
Station longitude:            06.60
Station altitude:             06.0m
Measurement height:           3.5m
Regime:                       IMG
Component:                    
Unit:                         
Matrix:                       air
Instrument type:              chemiluminescence_photometer
Laboratory code:              TT06L
Instrument name:              InstrumentName06
Method ref:                   TestRef06
Originator:                   Name, Surname, , , , , , , , , 
Submitter:                    Name, Surname, , , , , , , , , 
starttime endtime P rH temperature nitrogen_dioxide_plus nitrogen_dioxide_plus nitrogen_dioxide_plus nitrogen_dioxide_plus nitrogen_dioxide_plus nitrogen_dioxide_plus nitrogen_dioxide_plus nitrogen_dioxide_plus NO NO NO NO NO NO NO NO flag
[from data line 8538]
355.750000 355.791667  1003.50  78.30  -1.95   7.497833   4.6855669  13.538560   8.4605550  14.413120   9.0070875   1.734323   1.0838180   0.193991   0.1212294   0.179875   0.1124080   0.594880   0.3717541   0.241277   0.1507795 0.000000
355.791667 355.833333  1004.20  78.85  -2.20   7.799090   4.8738293  14.313480   8.9448202  14.866400   9.2903525   1.784755   1.1153341   0.312583   0.1953402   0.323389   0.2020932   0.711923   0.4448969   0.202469   0.1265275 0.000000
355.833333 355.875000  1004.65  80.85  -2.65   8.109490   5.0678053  14.947640   9.3411212  15.420920   9.6368847   1.857990   1.1611003   0.246745   0.1541966   0.245052   0.1531386   0.663771   0.4148056   0.214937   0.1343190 0.000000
355.875000 355.916667  1005.10  81.65  -2.45   7.840276   4.8995673  14.312080   8.9439453  15.059760   9.4111876   1.801038   1.1255097   0.198797   0.1242328   0.166710   0.1041809   0.646355   0.4039220   0.278142   0.1738173 0.000000
355.916667 355.958333  1005.50  81.70  -2.55   7.400302   4.6246175  13.440600   8.3993375  14.232600   8.8942764   1.713590   1.0708615   0.154502   0.0965518   0.132411   0.0827467   0.565684   0.3535088   0.207883   0.1299108 0.000000
355.958333 356.000000  1006.00  81.60  -2.45   6.967598   4.3542109  12.740760   7.9619916  13.200240   8.2491311   1.577007   0.9855076   0.190009   0.1187410   0.166521   0.1040628   0.588080   0.3675046   0.255305   0.1595459 0.000000
356.000000 356.041667  1006.15  81.45  -2.25   6.919665   4.3242565  12.647920   7.9039737  13.131880   8.2064114   1.569780   0.9809913   0.105244   0.0657694   0.110890   0.0692977   0.468523   0.2927907   0.212524   0.1328111 0.000000
356.041667 356.083333  1006.55  80.80  -2.05   6.736947   4.2100719  12.211520   7.6312574  12.873520   8.0449563   1.535753   0.9597271   0.129124   0.0806925   0.079378   0.0496051   0.531468   0.3321265   0.243211   0.1519881 0.000000
356.083333 356.125000  1006.80  80.70  -2.00   6.475604   4.0467527  11.884080   7.4266327  12.214160   7.6329072   1.456593   0.9102582   0.153400   0.0958632   0.117866   0.0736572   0.573460   0.3583682   0.243235   0.1520031 0.000000
356.125000 356.166667  1007.15  80.70  -1.90   6.792882   4.2450269  12.012760   7.5070478  13.295200   8.3084738   1.626184   1.0162395   0.163170   0.1019687   0.130942   0.0818286   0.577051   0.3606123   0.228866   0.1430236 0.000000
356.166667 356.208333  1007.05  80.10  -1.90   7.727605   4.8291566  13.668720   8.5418949  15.166400   9.4778293   1.865815   1.1659904   0.237676   0.1485292   0.300574   0.1878355   0.629393   0.3933220   0.205390   0.1283529 0.000000
356.208333 356.250000  1006.95  80.10  -1.85   8.932300   5.5819980  15.737000   9.8344103  17.624080  11.0136896   2.230877   1.3941259   0.195942   0.1224486   0.195908   0.1224274   0.623832   0.3898468   0.214547   0.1340753 0.000000
356.250000 356.291667  1007.05  80.10  -1.80  10.329948   6.4554202  18.506320  11.5650215  20.142680  12.5876202   2.488937   1.5553935   0.817323   0.5107638   0.572828   0.3579733   1.832064   1.1448986   0.651443   0.4071016 0.000000
356.291667 356.333333  1006.90  80.50  -1.80  10.196644   6.3721154  18.099280  11.3106530  20.018880  12.5102548   2.500214   1.5624408   2.282404   1.4263263   2.705740   1.6908786   3.326972   2.0791007   0.382550   0.2390642 0.000000
356.333333 356.375000  1006.50  82.20  -1.80   8.523262   5.3263809  14.739080   9.2107873  17.130360  10.7051527   2.212486   1.3826330   3.327516   2.0794407   3.658852   2.2865001   5.021268   3.1379049   0.766127   0.4787702 0.000000
356.375000 356.416667  1006.70  84.45  -1.60   7.060998   4.4125787  12.145440   7.5899625  14.287120   8.9283472   1.824343   1.1400736   3.539012   2.2116093   4.311648   2.6944472   4.897512   3.0605670   0.568365   0.3551843 0.000000
356.416667 356.458333  1006.95  86.55  -1.35   6.248439   3.9047921  11.284760   7.0521040  12.042520   7.5256455   1.422705   0.8890808   3.559397   2.2243484   4.275640   2.6719450   4.872260   3.0447864   0.578921   0.3617809 0.000000
356.458333 356.500000  1006.40  87.50  -1.00   6.262472   3.9135616  11.341760   7.0877246  11.916120   7.4466552   1.414590   0.8840096   3.179662   1.9870433   3.810644   2.3813584   4.388524   2.7424888   0.508690   0.3178920 0.000000
356.500000 356.541667  1005.65  87.80  -0.60   6.355209   3.9715151  11.596080   7.2466549  12.062360   7.5380439   1.429599   0.8933890   2.369557   1.4807902   2.758580   1.7238996   3.515952   2.1971986   0.489704   0.3060272 0.000000
356.541667 356.583333  1005.15  88.30  -0.25   6.421979   4.0132412  11.594520   7.2456800  12.308120   7.6916250   1.466444   0.9164143   1.848237   1.1550055   2.140196   1.3374573   2.751252   1.7193201   0.361215   0.2257315 0.000000
356.583333 356.625000  1004.65  89.15  -0.10   6.522212   4.0758791  11.802760   7.3758140  12.534680   7.8332075   1.481579   0.9258725   1.009971   0.6311539   1.137880   0.7110872   1.742224   1.0887555   0.333950   0.2086930 0.000000
356.625000 356.666667  1004.40  89.55   0.10   7.111938   4.4444123  12.968280   8.1041740  13.562400   8.4754531   1.621607   1.0133792   0.315996   0.1974731   0.286663   0.1791422   0.767222   0.4794545   0.339363   0.2120757 0.000000
356.666667 356.708333  1004.20  90.20   0.20   7.191120   4.4938949  13.029840   8.1426443  13.914320   8.6953760   1.682051   1.0511520   0.336951   0.2105684   0.313208   0.1957308   0.841299   0.5257469   0.302021   0.1887398 0.000000
356.708333 356.750000  1003.65  90.20   0.35   8.266643   5.1660138  14.801360   9.2497075  16.105760  10.0648568   1.967305   1.2294138   0.488881   0.3055129   0.540311   0.3376527   1.051052   0.6568264   0.245695   0.1535404 0.000000
356.750000 356.791667  1003.05  90.30   0.45   8.567717   5.3541618  15.766520   9.8528580  16.389840  10.2423849   1.977449   1.2357530   1.261649   0.7884332   1.152144   0.7200011   2.317464   1.4482361   0.719291   0.4495014 0.000000
356.791667 356.833333  1002.40  90.30   0.50   9.035950   5.6467713  16.272280  10.1689190  17.660360  11.0363618   2.145995   1.3410812   2.402739   1.5015264   2.538540   1.5863916   3.856336   2.4099123   0.662941   0.4142870 0.000000
356.833333 356.875000  1001.95  90.35   0.55   9.658076   6.0355520  17.925000  11.2017414  18.513480  11.5694960   2.235972   1.3973099   3.629681   2.2682705   4.446980   2.7790192   4.934668   3.0837866   0.573161   0.3581814 0.000000
356.875000 356.916667  1001.35  90.90   0.70   9.791397   6.1188673  18.112200  11.3187270  18.679960  11.6735331   2.264575   1.4151846   2.874521   1.7963537   2.922872   1.8265694   4.440752   2.7751272   0.790962   0.4942902 0.000000
356.916667 356.958333  1001.15  91.00   0.80   9.433683   5.8953237  17.178800  10.7354240  18.290400  11.4300882   2.223999   1.3898277   1.172236   0.7325570   1.037704   0.6484849   2.175636   1.3596046   0.523613   0.3272177 0.000000
356.958333 357.000000  1000.80  91.00   0.90   8.766387   5.4783152  15.931640   9.9560453  16.892480  10.5564961   2.048159   1.2799413   0.463016   0.2893493   0.509174   0.3181944   0.937072   0.5855977   0.246692   0.1541635 0.000000
357.000000 357.041667  1000.10  91.00   0.90   8.487375   5.3039543  15.697600   9.8097883  16.106800  10.0655067   1.945180   1.2155874   0.603884   0.3773809   0.679481   0.4246232   1.111204   0.6944167   0.231395   0.1446040 0.000000
357.041667 357.083333   999.35  91.00   0.90   8.478284   5.2982731  15.650960   9.7806419  16.139400  10.0858792   1.942090   1.2136563   0.839652   0.5247177   0.762946   0.4767824   1.647236   1.0293954   0.426412   0.2664746 0.000000
357.083333 357.125000   998.75  91.00   0.90   8.591845   5.3692399  15.904600   9.9391474  16.366920  10.2280617   1.969593   1.2308436   0.906595   0.5665519   1.021928   0.6386261   1.545880   0.9660557   0.302863   0.1892660 0.000000
357.125000 357.166667   998.55  91.00   1.05   8.882162   5.5506657  16.355720  10.2210625  17.052920  10.6567587   2.055128   1.2842964   1.685077   1.0530431   1.844284   1.1525351   2.534896   1.5841143   0.432158   0.2700654 0.000000
357.166667 357.208333   997.65  90.90   1.15   9.214476   5.7583363  17.068920  10.6667575  17.589040  10.9917923   2.127246   1.3293646   1.010005   0.6311752   0.878729   0.5491378   1.855536   1.1595668   0.488772   0.3054448 0.000000
357.208333 357.250000   996.95  90.90   1.40   8.667636   5.4166035  15.559200   9.7232990  16.978760  10.6104144   2.076935   1.2979241   0.273310   0.1707977   0.242070   0.1512751   0.693463   0.4333608   0.264498   0.1652908 0.000000
357.250000 357.291667   996.50  90.90   1.50   7.794993   4.8712689  14.229200   8.8921517  14.978560   9.3604438   1.809851   1.1310172   0.213953   0.1337041   0.245183   0.1532204   0.625364   0.3908042   0.205364   0.1283366 0.000000
357.291667 357.333333   996.30  90.90   1.60   6.413820   4.0081424  11.133080   6.9573157  12.978280   8.1104232   1.637975   1.0236079   0.383857   0.2398810   0.325921   0.2036755   0.942549   0.5890204   0.347692   0.2172807 0.000000
357.333333 357.375000   995.95  90.90   1.65   5.700814   3.5625687  10.324360   6.4519281  10.876400   6.7969105   1.284370   0.8026321   0.955933   0.5973843   1.120052   0.6999460   1.573176   0.9831136   0.223253   0.1395159 0.000000
357.375000 357.416667   995.65  90.90   1.70   5.506981   3.4414381   9.994168   6.2455836  10.469200   6.5424419   1.221646   0.7634345   1.101801   0.6885406   1.230980   0.7692675   1.781312   1.1131825   0.324204   0.2026025 0.000000
357.416667 357.458333   995.25  90.90   1.70   5.645530   3.5280205  10.262480   6.4132579  10.722080   6.7004724   1.252520   0.7827283   1.211796   0.7572790   1.357792   0.8485152   1.929684   1.2059036   0.279937   0.1749390 0.000000
357.458333 357.500000   994.60  90.90   1.90   6.115283   3.8215798  10.809520   6.7551156  11.931240   7.4561040   1.462673   0.9140577   1.415873   0.8848113   1.562676   0.9765519   2.263208   1.4143303   0.346324   0.2164258 0.000000
357.500000 357.541667   993.85  90.90   2.10   6.888774   4.3049520  12.402000   7.7502927  13.290480   8.3055241   1.586903   0.9916919   1.812253   1.1325182   2.184408   1.3650864   2.680312   1.6749881   0.319154   0.1994466 0.000000
357.541667 357.583333   993.00  90.90   2.35   7.258578   4.5360510  13.331160   8.3309460  13.814040   8.6327087   1.646398   1.0288717   1.600973   1.0004845   1.850364   1.1563347   2.403644   1.5020920   0.321277   0.2007733 0.000000
357.583333 357.625000   992.40  90.90   2.75   7.346050   4.5907142  13.210640   8.2556303  14.066320   8.7903642   1.837252   1.1481407   1.764152   1.1024588   1.851680   1.1571571   2.616672   1.6352180   0.772703   0.4828797 0.000000
357.625000 357.666667   992.10  90.90   3.30   8.214579   5.1334778  14.397240   8.9971637  16.776400  10.4839551   2.155637   1.3471067   5.452761   3.4075547   3.667136   2.2916769  10.391664   6.4939879   4.160327   2.5998832 0.000000
357.666667 357.708333   992.35  90.90   3.60   4.586429   2.8661641   6.478460   4.0485374  10.867840   6.7915611   2.351197   1.4693166   0.351921   0.2199235   0.325572   0.2034574   0.873485   0.5458607   0.331738   0.2073106 0.000000
357.708333 357.750000   992.90  90.90   5.75   3.196581   1.9976164   5.206848   3.2538781   6.278652   3.9236729   0.825891   0.5161181   0.312822   0.1954896   0.315642   0.1972519   0.791488   0.4946189   0.240365   0.1502096 0.000000
357.750000 357.791667   993.60  90.90   9.40   3.356788   2.0977334   5.774940   3.6088917   6.420988   4.0126219   0.739394   0.4620642   0.254324   0.1589329   0.247264   0.1545209   0.705380   0.4408081   0.229085   0.1431604 0.000000
357.791667 357.833333   993.95  90.90  10.15   3.082889   1.9265677   5.057940   3.1608221   6.138400   3.8360262   0.829306   0.5182522   0.317437   0.1983736   0.323060   0.2018876   0.843026   0.5268262   0.253745   0.1585710 0.000000
357.833333 357.875000   994.30  90.90   9.90   1.963709   1.2271665   3.115044   1.9466621   3.818404   2.3862078   0.487994   0.3049586   0.340977   0.2130843   0.282402   0.1764795   0.897492   0.5608632   0.311986   0.1949672 0.000000
357.875000 357.916667   994.45  90.90  10.45   1.974714   1.2340438   3.193120   1.9954535   3.795948   2.3721745   0.451062   0.2818789   0.317920   0.1986755   0.359069   0.2243904   0.737558   0.4609168   0.181570   0.1134672 0.000000
357.916667 357.958333   994.75  90.90  10.05   1.870776   1.1690906   3.082880   1.9265620   3.423792   2.1396057   0.368789   0.2304647   0.317434   0.1983717   0.286224   0.1788679   0.763482   0.4771173   0.228119   0.1425568 0.000000
357.958333 358.000000   995.10  91.00   9.60   2.007962   1.2548213   3.322120   2.0760686   3.752784   2.3452003   0.405057   0.2531294   0.357851   0.2236293   0.345734   0.2160571   0.814253   0.5088453   0.227911   0.1424268 0.000000
358.000000 358.041667   995.40  91.00   9.00   2.075618   1.2971010   3.317984   2.0734839   4.012496   2.5075003   0.488907   0.3055291   0.322792   0.2017201   0.371394   0.2320926   0.743822   0.4648313   0.215716   0.1348058 0.000000
358.041667 358.083333   995.85  91.00   8.90   1.841057   1.1505185   2.970544   1.8563607   3.437216   2.1479947   0.377537   0.2359315   0.266022   0.1662432   0.352431   0.2202422   0.688545   0.4302875   0.197069   0.1231529 0.000000
358.083333 358.125000   996.10  91.00   8.35   1.892448   1.1826339   3.099612   1.9370182   3.551552   2.2194459   0.388874   0.2430162   0.239348   0.1495740   0.221128   0.1381879   0.654289   0.4088801   0.237691   0.1485385 0.000000
358.125000 358.166667   996.55  91.00   8.00   2.539152   1.5867740   3.777664   2.3607484   5.501188   3.4378179   0.979235   0.6119463   0.165676   0.1035347   0.174210   0.1088678   0.558886   0.3492606   0.218029   0.1362513 0.000000
358.166667 358.208333   996.60  90.90   7.90   2.438335   1.5237712   3.782576   2.3638180   4.823764   3.0144802   0.626225   0.3913423   0.189470   0.1184041   0.116003   0.0724929   0.671796   0.4198206   0.275442   0.1721300 0.000000
358.208333 358.250000   996.85  90.90   7.95   2.129745   1.3309262   3.266500   2.0413104   4.387984   2.7421513   0.596034   0.3724752   0.116010   0.0724973   0.069068   0.0431622   0.573178   0.3581920   0.250678   0.1566544 0.000000
358.250000 358.291667   996.90  90.60   7.90   1.850839   1.1566315   3.068724   1.9177156   3.399140   2.1242001   0.361486   0.2259008   0.146466   0.0915299   0.150183   0.0938528   0.516689   0.3228907   0.223165   0.1394609 0.000000
358.291667 358.333333   997.10  90.30   7.60   2.058140   1.2861786   3.122196   1.9511315   3.996084   2.4972440   0.906149   0.5662732   0.123228   0.0770080   0.107553   0.0672123   0.502104   0.3137762   0.239550   0.1497003 0.000000
358.333333 358.375000   997.55  90.70   7.55   2.345378   1.4656802   3.763952   2.3521795   4.536756   2.8351223   0.610104   0.3812679   0.178947   0.1118281   0.139185   0.0869799   0.584712   0.3653999   0.228488   0.1427874 0.000000
358.375000 358.416667   997.75  90.90   7.65   2.366570   1.4789236   4.030476   2.5187364   4.446448   2.7786868   0.493473   0.3083825   0.182425   0.1140015   0.152785   0.0954788   0.644505   0.4027659   0.248861   0.1555189 0.000000
358.416667 358.458333   998.00  90.90   7.95   2.511012   1.5691887   4.189968   2.6184066   4.743484   2.9643114   0.532378   0.3326952   0.228371   0.1427142   0.188799   0.1179848   0.667838   0.4173472   0.252750   0.1579492 0.000000
358.458333 358.500000   998.00  90.90   8.35   2.757534   1.7232459   4.613428   2.8830364   5.348448   3.3423672   0.635420   0.3970885   0.391119   0.2444192   0.478742   0.2991768   0.780104   0.4875048   0.175418   0.1096227 0.000000
358.500000 358.541667   997.50  90.90   8.75   2.346251   1.4662258   3.607932   2.2546790   4.726260   2.9535477   0.692752   0.4329165   0.327257   0.2045104   0.316204   0.1976031   0.784790   0.4904332   0.256021   0.1599934 0.000000
