db/R_TOOLS/emepPackagesTesting/emep_data/TT/TT0001R.good.nas
53 1001
Name, Surname
TT01, Institute of Testing, IoT, , "Test Str., 12345 Testity, Testland", , , , 
Name, Surname
TEST
1 1
2011 01 01 2011 07 04
0.041667
days from file reference point
11
1 1 1 1 1 1 1 1 1 1 1
999.999999 999.9999 999.999 99.999 99.999 99.9999 99.999 99.999 999.9999 999.9999 9.999
end_time of measurement, days from the file reference point
ammonium, ug N/m3
calcium, ug/m3
chloride, ug/m3
magnesium, ug/m3
nitrate, ug N/m3
potassium, ug/m3
sodium, ug/m3
sulphate_corrected, ug S/m3
sulphate_total, ug S/m3
numflag, no unit
0
28
Data definition:              EBAS_1.1
Set type code:                TU
Timezone:                     UTC
File name:                    TT0001R.good.nas
File creation:                20151130122131
Startdate:                    20110101000000
Revision date:                20110704000000
Statistics:                   arithmetic mean
Data level:                   
Period code:                  5mo
Resolution code:              1h
Station code:                 TT0001R
Platform code:                TT0001S
Station name:                 TestStation01
Station latitude:             01.10
Station longitude:            01.10
Station altitude:             01.0m
Regime:                       IMG
Component:                    
Unit:                         ug/m3
Matrix:                       pm10
Instrument type:              online_IC
Laboratory code:              TT01L
Instrument name:              InstrumentName01
Method ref:                   TestRef01
Originator:                   Name, Surname, , , , , , , , , 
Submitter:                    Name, Surname, , , , , , , , , 
starttime endtime NH4+ Ca++ Cl- Mg++ NO3- K+ Na+ XSO4-- SO4-- flag
[from data line 3394]
141.416667 141.458333   0.8944   0.600 99.999  0.117  0.3547 99.999 99.999   1.0140   0.9303 0.000
141.458333 141.500000   0.7692   0.730 99.999  0.097  0.2946 99.999 99.999   0.9474   0.8637 0.000
141.500000 141.541667   0.6813   0.686 99.999  0.100  0.2228 99.999 99.999   0.8940   0.8103 0.000
141.541667 141.583333   0.6697   0.633 99.999  0.099  0.1840 99.999 99.999   0.9620   0.8783 0.000
141.583333 141.625000   0.6028   0.553 99.999  0.077  0.1785 99.999 99.999   0.8687   0.7850 0.000
141.625000 141.666667   0.4441   0.629 99.999  0.070  0.1520 99.999 99.999   0.7607   0.6770 0.000
141.666667 141.708333   0.3539   0.579 99.999  0.106  0.1461 99.999 99.999   0.6994   0.6157 0.000
141.708333 141.750000   0.2753   0.501 99.999  0.127  0.1184 99.999 99.999   0.5650   0.4813 0.000
141.750000 141.791667   0.2489   0.435 99.999  0.106  0.1181 99.999 99.999   0.4854   0.4017 0.000
141.791667 141.833333   0.2147   0.418 99.999  0.100  0.1283 99.999 99.999   0.4384   0.3547 0.000
141.833333 141.875000   0.2466   0.362 99.999  0.089  0.1595 99.999 99.999   0.4334   0.3497 0.000
141.875000 141.916667   0.3422   0.361 99.999  0.106  0.2491 99.999 99.999   0.4407   0.3570 0.000
141.916667 141.958333   0.4286   0.373 99.999  0.072  0.3412 99.999 99.999   0.5440   0.4603 0.000
141.958333 142.000000   0.7233   0.530 99.999  0.120  0.6017 99.999 99.999   0.7114   0.6277 0.000
142.000000 142.041667   0.8299   0.480 99.999  0.156  0.6379 99.999 99.999   0.7744   0.6907 0.000
142.041667 142.083333   0.5390   0.475 99.999  0.186  0.4579 99.999 99.999   0.6087   0.5250 0.000
142.083333 142.125000   0.3780   0.644  0.304  0.330  0.4579 99.999  0.070   0.4258   0.4317 0.000
142.125000 142.166667   0.3383   0.682  0.321  0.439  0.4194 99.999  0.072   0.4230   0.4290 0.000
142.166667 142.208333   0.3578   0.660  0.348  0.456  0.4474 99.999  0.081   0.4072   0.4140 0.000
142.208333 142.250000   0.5406   0.718  0.529  0.550  0.7055 99.999  0.106   0.4118   0.4207 0.000
142.250000 142.291667   0.8836   0.976  0.779  0.544  1.0535 99.999 99.999   0.0899   0.4680 0.000
142.291667 142.333333   0.7109   1.757  0.804  0.750  0.9701 99.999  0.240   0.4579   0.4780 0.000
142.333333 142.375000 999.9999 999.999 99.999 99.999 99.9999 99.999 99.999 999.9999 999.9999 0.999
142.375000 142.416667 999.9999 999.999 99.999 99.999 99.9999 99.999 99.999 999.9999 999.9999 0.999
142.416667 142.458333 999.9999 999.999 99.999 99.999 99.9999 99.999 99.999 999.9999 999.9999 0.999
142.458333 142.500000 999.9999 999.999 99.999 99.999 99.9999 99.999 99.999 999.9999 999.9999 0.999
142.500000 142.541667   0.8509   2.596  0.933  1.232  0.9753  0.099  0.627   0.9525   1.0050 0.000
142.541667 142.583333   1.0904   2.118  0.516  1.034  0.8721  0.130  0.441   1.3204   1.3573 0.000
142.583333 142.625000   1.0547   1.890  0.484  0.991  0.9050 99.999  0.432   1.2518   1.2880 0.000
142.625000 142.666667   0.7677   2.018  0.393  0.926  0.7971  0.084  0.366   0.8804   0.9110 0.000
142.666667 142.708333   0.5118   1.858  0.223  0.867  0.7811  0.055  0.264   0.5752   0.5973 0.000
142.708333 142.750000   0.4838   1.805  0.176  0.859  0.8030 99.999  0.239   0.5067   0.5267 0.000
142.750000 142.791667   0.4418   1.646 99.999  0.814  0.7887 99.999  0.211   0.4866   0.5043 0.000
142.791667 142.833333   0.4208   1.681 99.999  0.776  0.7251 99.999  0.168   0.5649   0.5790 0.000
142.833333 142.875000   0.4161   1.765  0.061  0.832  0.6548 99.999  0.154   0.6261   0.6390 0.000
142.875000 142.916667   0.5592   1.904  0.043  0.788  0.7087 99.999  0.166   0.7008   0.7147 0.000
142.916667 142.958333   0.6043   1.638  0.043  0.717  0.6945  0.052  0.160   0.7716   0.7850 0.000
142.958333 143.000000 999.9999 999.999 99.999 99.999 99.9999 99.999 99.999 999.9999 999.9999 0.999
143.000000 143.041667 999.9999 999.999 99.999 99.999 99.9999 99.999 99.999 999.9999 999.9999 0.999
143.041667 143.083333 999.9999 999.999 99.999 99.999 99.9999 99.999 99.999 999.9999 999.9999 0.999
143.083333 143.125000 999.9999 999.999 99.999 99.999 99.9999 99.999 99.999 999.9999 999.9999 0.999
143.125000 143.166667 999.9999 999.999 99.999 99.999 99.9999 99.999 99.999 999.9999 999.9999 0.999
143.166667 143.208333   0.7008   1.306  0.035  0.442  0.8091 99.999 99.999   0.1938   0.5010 0.000
143.208333 143.250000   0.6907   1.318  0.056  0.455  0.8797 99.999 99.999   0.1298   0.4460 0.000
143.250000 143.291667   0.5771   1.509  0.037  0.505  0.8829 99.999 99.999   0.0977   0.4487 0.000
143.291667 143.333333   0.5771   1.573  0.044  0.565  0.9619 99.999  0.105   0.4305   0.4393 0.000
143.333333 143.375000   0.5102   1.773  0.063  0.635  0.8756 99.999  0.132   0.4867   0.4977 0.000
143.375000 143.416667   0.5468   2.141 99.999  0.724  0.9660  0.041  0.199   0.5243   0.5410 0.000
143.416667 143.458333   0.6308   2.551 99.999  0.815  1.0611  0.031  0.234   0.5644   0.5840 0.000
143.458333 143.500000   0.6813   2.848 99.999  0.793  1.0996 99.999  0.228   0.5952   0.6143 0.000
143.500000 143.541667   0.7700   3.012 99.999  0.786  1.0748  0.048  0.213   0.7099   0.7277 0.000
143.541667 143.583333   0.8244   2.967  0.030  0.743  1.1462 99.999  0.188   0.6976   0.7133 0.000
143.583333 143.625000   0.8556   2.941  0.146  0.767  1.1395 99.999  0.195   0.7317   0.7480 0.000
143.625000 143.666667   0.9567   2.427  0.242  0.679  0.8881  0.061  0.141   0.9125   0.9243 0.000
143.666667 143.708333   0.7023   1.970  0.529  0.690  0.9861 99.999  0.292   0.5639   0.5883 0.000
143.708333 143.750000   0.8447   1.662  0.550  0.857  1.1427  0.042  0.340   0.6285   0.6570 0.000
143.750000 143.791667   0.5460   2.070  0.893  1.007  0.8458  0.090  0.434   0.4804   0.5167 0.000
143.791667 143.833333   0.4332   2.350  1.040  1.168  0.8181  0.060  0.584   0.4388   0.4877 0.000
143.833333 143.875000   0.3936   2.129  0.909  1.241  0.7779  0.045  0.517   0.4340   0.4773 0.000
143.875000 143.916667   0.3166   2.016  0.629  1.059  0.6475  0.059  0.362   0.4060   0.4363 0.000
143.916667 143.958333   0.3710   1.720  0.598  0.962  0.7583  0.057  0.326   0.3934   0.4207 0.000
143.958333 144.000000   0.3609   1.501  0.468  0.792  0.6653  0.067  0.219   0.3597   0.3780 0.000
144.000000 144.041667   0.3609   1.496  0.410  0.723  0.5962 99.999  0.187   0.3630   0.3787 0.000
144.041667 144.083333   0.2971   1.437  0.366  0.676  0.5157  0.025  0.165   0.3452   0.3590 0.000
144.083333 144.125000   0.2676   1.318  0.296  0.622  0.4462 99.999  0.123   0.3524   0.3627 0.000
144.125000 144.166667   0.2450   1.214  0.364  0.632  0.4672 99.999  0.112   0.3376   0.3470 0.000
144.166667 144.208333   0.2808   1.298  0.321  0.596  0.4462 99.999  0.114   0.3222   0.3317 0.000
144.208333 144.250000   0.3103   1.399  0.446  0.607  0.5527 99.999  0.146   0.3338   0.3460 0.000
144.250000 144.291667   0.3982   1.473  0.712  0.679  0.6446 99.999  0.229   0.3335   0.3527 0.000
144.291667 144.333333   0.5437   1.526  0.935  0.782  0.7487  0.045  0.272   0.3635   0.3863 0.000
144.333333 144.375000   0.4309   1.562  0.890  0.913  0.8155 99.999  0.265   0.4605   0.4827 0.000
144.375000 144.416667   0.3920   1.524  0.714  1.049  0.7557  0.096  0.325   0.5408   0.5680 0.000
144.416667 144.458333   0.3928   1.568  0.646  1.025  0.7770  0.063  0.296   0.5705   0.5953 0.000
144.458333 144.500000   0.4527   1.586  0.569  1.029  0.7671  0.085  0.279   0.6206   0.6440 0.000
144.500000 144.541667   0.5032   1.669  0.499  0.979  0.8030  0.074  0.308   0.6975   0.7233 0.000
144.541667 144.583333   0.5896   1.802  0.413  0.957  0.8429 99.999  0.300   0.7586   0.7837 0.000
144.583333 144.625000   0.6113   1.859  0.383  0.939  0.8619  0.047  0.287   0.7563   0.7803 0.000
144.625000 144.666667   0.6572   1.869  0.313  0.920  0.8645 99.999  0.270   0.7837   0.8063 0.000
144.666667 144.708333   0.6432   1.984  0.248  0.839  0.8534 99.999  0.244   0.7703   0.7907 0.000
144.708333 144.750000   0.6168   1.946  0.200  0.810  0.8015 99.999  0.212   0.7546   0.7723 0.000
144.750000 144.791667   0.6502   2.094  0.165  0.793  0.8417 99.999  0.214   0.7648   0.7827 0.000
144.791667 144.833333   0.5989   1.943 99.999  0.739  0.7225 99.999  0.183   0.7614   0.7767 0.000
144.833333 144.875000   0.5102   1.812  0.049  0.685  0.5472 99.999  0.103   0.7437   0.7523 0.000
144.875000 144.916667   0.5242   1.653  0.077  0.599  0.5463 99.999 99.999   0.3667   0.7830 0.000
144.916667 144.958333   0.5849   1.448  0.042  0.560  0.5259 99.999 99.999   0.3811   0.7703 0.000
144.958333 145.000000   0.6611   1.263 99.999  0.513  0.5186 99.999 99.999   0.8607   0.7770 0.000
145.000000 145.041667   0.6596   1.175 99.999  0.466  0.5022 99.999 99.999   0.8307   0.7470 0.000
145.041667 145.083333   0.6129   0.995  0.076  0.397  0.4798 99.999 99.999   0.4381   0.7140 0.000
145.083333 145.125000   0.6370   1.064 99.999  0.369  0.5180 99.999 99.999   0.7850   0.7013 0.000
145.125000 145.166667   0.7358   0.965  0.035  0.397  0.7184 99.999 99.999   0.3854   0.6613 0.000
145.166667 145.208333   0.7552   0.960  0.037  0.424  0.7545 99.999 99.999   0.3220   0.6167 0.000
145.208333 145.250000   0.6767   0.958  0.052  0.408  0.6854 99.999 99.999   0.2711   0.5547 0.000
145.250000 145.291667   0.6650   1.030  0.059  0.431  0.7201 99.999 99.999   0.2672   0.5667 0.000
145.291667 145.333333   0.6323   1.118 99.999  0.480  0.7289 99.999 99.999   0.7290   0.6453 0.000
145.333333 145.375000 999.9999 999.999 99.999 99.999 99.9999 99.999 99.999 999.9999 999.9999 0.999
145.375000 145.416667   0.8742   2.414 99.999  0.602  0.5988  0.063  0.181   1.0132   1.0283 0.000
145.416667 145.458333   0.9046   1.544 99.999  0.482  0.5372 99.999 99.999   1.0280   0.9443 0.000
145.458333 145.500000   0.9248   1.252 99.999  0.494  0.4693 99.999 99.999   0.9924   0.9087 0.000
145.500000 145.541667   0.6899   1.362 99.999  0.482  0.4457 99.999 99.999   0.7397   0.6560 0.000
145.541667 145.583333 999.9999 999.999 99.999 99.999 99.9999 99.999 99.999 999.9999 999.9999 0.999
145.583333 145.625000 999.9999 999.999 99.999 99.999 99.9999 99.999 99.999 999.9999 999.9999 0.999
145.625000 145.666667 999.9999 999.999 99.999 99.999 99.9999 99.999 99.999 999.9999 999.9999 0.999
145.666667 145.708333   0.6082   1.995 99.999  0.417  0.4970 99.999 99.999   0.6770   0.5933 0.000
145.708333 145.750000   0.5398   2.692 99.999  0.466  0.3657 99.999 99.999   0.6454   0.5617 0.000
145.750000 145.791667   0.3414   1.605 99.999  0.294  0.1975 99.999 99.999   0.4714   0.3877 0.000
145.791667 145.833333   0.3772   1.190 99.999  0.208  0.2030 99.999 99.999   0.4504   0.3667 0.000
145.833333 145.875000   0.3788   0.930 99.999  0.171  0.1937 99.999 99.999   0.4257   0.3420 0.000
145.875000 145.916667   0.3586   0.867 99.999  0.194  0.1948 99.999 99.999   0.4250   0.3413 0.000
145.916667 145.958333   0.4628   0.828 99.999  0.183  0.3121 99.999 99.999   0.4527   0.3690 0.000
145.958333 146.000000   0.6876   1.271 99.999  0.215  0.5547 99.999 99.999   0.5300   0.4463 0.000
146.000000 146.041667   0.8237   1.669 99.999  0.303  0.7041 99.999 99.999   0.6054   0.5217 0.000
146.041667 146.083333   0.7303   1.497 99.999  0.243  0.5098 99.999 99.999   0.5274   0.4437 0.000
146.083333 146.125000   0.7933   1.200 99.999  0.245  0.5804 99.999 99.999   0.5407   0.4570 0.000
146.125000 146.166667   0.8206   1.171 99.999  0.236  0.5979 99.999 99.999   0.6070   0.5233 0.000
146.166667 146.208333 999.9999 999.999 99.999 99.999 99.9999 99.999 99.999 999.9999 999.9999 0.999
146.208333 146.250000 999.9999 999.999 99.999 99.999 99.9999 99.999 99.999 999.9999 999.9999 0.999
146.250000 146.291667 999.9999 999.999 99.999 99.999 99.9999 99.999 99.999 999.9999 999.9999 0.999
146.291667 146.333333   0.7327   1.903 99.999  0.374  0.6560 99.999 99.999   0.6117   0.5280 0.000
146.333333 146.375000   0.3663   2.613 99.999  0.459  0.4422 99.999  0.053   0.2986   0.3030 0.000
146.375000 146.416667   3.9931  10.873  0.200  1.458  0.5755  1.820  3.640  13.4790  13.7837 0.000
146.416667 146.458333   0.3111   5.349 99.999  0.842  0.1289  0.091  0.268   0.6026   0.6250 0.000
146.458333 146.500000   0.1408   3.380 99.999  0.621  0.1187 99.999  0.030   0.6428   0.6453 0.000
146.500000 146.541667   0.0226   1.095 99.999  0.211  0.0895 99.999 99.999   0.1210   0.0373 0.000
146.541667 146.583333 999.9999   0.710 99.999  0.114  0.0770 99.999 99.999   0.1860   0.1023 0.000
146.583333 146.625000   0.2606   1.220 99.999  0.216  0.2628 99.999  0.038   0.2708   0.2740 0.000
146.625000 146.666667   0.3018   1.474 99.999  0.274  0.3147 99.999 99.999   0.4494   0.3657 0.000
146.666667 146.708333   0.3173   1.477 99.999  0.268  0.3229 99.999 99.999   0.4050   0.3213 0.000
146.708333 146.750000   0.3321   1.301 99.999  0.232  0.3027 99.999 99.999   0.4207   0.3370 0.000
146.750000 146.791667   0.5756   1.303 99.999  0.286  0.4153  0.016 99.999   0.6457   0.5620 0.000
146.791667 146.833333   0.6098   1.202 99.999  0.231  0.4150 99.999 99.999   0.6127   0.5290 0.000
146.833333 146.875000   0.5724   1.038 99.999  0.247  0.4357 99.999 99.999   0.5554   0.4717 0.000
146.875000 146.916667   0.6440   0.984 99.999  0.281  0.5387 99.999 99.999   0.5517   0.4680 0.000
146.916667 146.958333   0.6463   0.944 99.999  0.242  0.5291 99.999 99.999   0.5000   0.4163 0.000
146.958333 147.000000   0.6191   0.886 99.999  0.268  0.5664 99.999 99.999   0.4527   0.3690 0.000
147.000000 147.041667   0.5499   0.837 99.999  0.258  0.5203 99.999 99.999   0.4064   0.3227 0.000
147.041667 147.083333   0.6339   0.758 99.999  0.266  0.5883 99.999 99.999   0.4127   0.3290 0.000
147.083333 147.125000   0.6743   0.689 99.999  0.240  0.6682 99.999 99.999   0.3877   0.3040 0.000
147.125000 147.166667   0.6876   0.670 99.999  0.227  0.6910 99.999 99.999   0.3790   0.2953 0.000
147.166667 147.208333   0.6596   0.611 99.999  0.189  0.6481 99.999 99.999   0.3460   0.2623 0.000
147.208333 147.250000   0.7148   0.674  0.261  0.287  0.7458 99.999 99.999   0.1105   0.3100 0.000
147.250000 147.291667   0.6720   0.657  0.477  0.435  0.7242  0.096  0.207   0.3450   0.3623 0.000
147.291667 147.333333   0.7716   0.670  0.416  0.531  0.7647  0.059  0.183   0.4044   0.4197 0.000
147.333333 147.375000   0.8307   0.648  0.423  0.552  0.7948  0.048  0.197   0.4422   0.4587 0.000
147.375000 147.416667   1.0228   0.663  0.297  0.552  0.8240  0.062  0.147   0.6180   0.6303 0.000
147.416667 147.458333   1.2367   0.647  0.121  0.472  0.8794 99.999 99.999   0.4970   0.8250 0.000
147.458333 147.500000   1.3518   0.687  0.110  0.451  0.8633  0.045 99.999   0.5976   0.9110 0.000
147.500000 147.541667   1.0360   0.606 99.999  0.403  0.7344  0.095 99.999   0.7964   0.7127 0.000
147.541667 147.583333   0.6992   0.532 99.999  0.388  0.3929  0.049 99.999   0.6967   0.6130 0.000
147.583333 147.625000   0.5973   0.510 99.999  0.332  0.3832  0.067 99.999   0.5757   0.4920 0.000
147.625000 147.666667   0.4690   0.457 99.999  0.320  0.3797 99.999 99.999   0.4764   0.3927 0.000
147.666667 147.708333   0.4853   0.507 99.999  0.355  0.4250 99.999 99.999   0.4667   0.3830 0.000
147.708333 147.750000   0.4254   0.560 99.999  0.353  0.3570 99.999 99.999   0.4710   0.3873 0.000
147.750000 147.791667   0.3904   0.497 99.999  0.328  0.3068 99.999 99.999   0.4484   0.3647 0.000
147.791667 147.833333   0.3842   0.552 99.999  0.298  0.3086 99.999 99.999   0.4487   0.3650 0.000
147.833333 147.875000   0.4713   0.555  0.173  0.282  0.3194 99.999 99.999   0.1667   0.3627 0.000
147.875000 147.916667   0.6067   0.458 99.999  0.231  0.3882 99.999 99.999   0.5230   0.4393 0.000
147.916667 147.958333   0.5841   0.489  0.092  0.227  0.4296 99.999 99.999   0.2882   0.4460 0.000
147.958333 148.000000   0.5981   0.475 99.999  0.202  0.4185 99.999 99.999   0.5180   0.4343 0.000
148.000000 148.041667   0.6697   0.502 99.999  0.212  0.5206 99.999 99.999   0.5354   0.4517 0.000
148.041667 148.083333   0.7124   0.530 99.999  0.202  0.5489 99.999 99.999   0.5307   0.4470 0.000
148.083333 148.125000   0.7342   0.544 99.999  0.231  0.5489 99.999 99.999   0.5324   0.4487 0.000
