db/R_TOOLS/emepPackagesTesting/emep_data/TT/TT0004R.good.nas
71 1001
Name, Surname
TT04, Institute of Testing, IoT, , "Test Str., 12345 Testity, Testland", , , , 
Name, Surname
TEST
1 1
2013 01 01 2014 05 01
1.000000
days from file reference point
29
1 1 1 1 1 1 1 1 1 1 1 1 1 1 1 1 1 1 1 1 1 1 1 1 1 1 1 1 1
999.999999 9.99 9.999 99.99 9.999 9.99 9.999 99.99 9.999 9.99 9.999 9.99 9.999 9.99 9.999 9.99 9.999 99.99 9.999 99.999 9.999 99.99 9.999 9.99 9.999 99.99 9.999 99.99 9.999
end_time of measurement, days from the file reference point
ammonia, ug N/m3, Matrix=air, Method ref=NO01L_IC_air
numflag ammonia, no unit, Matrix=air, Method ref=NO01L_IC_air
ammonium, ug N/m3
numflag ammonium, no unit
calcium, ug/m3
numflag calcium, no unit
chloride, ug/m3
numflag chloride, no unit
magnesium, ug/m3
numflag magnesium, no unit
nitrate, ug N/m3
numflag nitrate, no unit
nitric_acid, ug N/m3, Matrix=air, Method ref=NO01L_IC_air
numflag nitric_acid, no unit, Matrix=air, Method ref=NO01L_IC_air
potassium, ug/m3
numflag potassium, no unit
sodium, ug/m3
numflag sodium, no unit
sulphate_corrected, ug S/m3
numflag sulphate_corrected, no unit
sulphate_total, ug S/m3
numflag sulphate_total, no unit
sulphur_dioxide, ug S/m3, Matrix=air, Method ref=NO01L_IC_air
numflag sulphur_dioxide, no unit, Matrix=air, Method ref=NO01L_IC_air
sum_ammonia_and_ammonium, ug N/m3, Matrix=air+aerosol, Method ref=NO01L_IC_air+aero
numflag sum_ammonia_and_ammonium, no unit, Matrix=air+aerosol, Method ref=NO01L_IC_air+aero
sum_nitric_acid_and_nitrate, ug N/m3, Matrix=air+aerosol, Method ref=NO01L_IC_air+aero
numflag sum_nitric_acid_and_nitrate, no unit, Matrix=air+aerosol, Method ref=NO01L_IC_air+aero
0
28
Data definition:              EBAS_1.1
Set type code:                TU
Timezone:                     UTC
File name:                    TT0004R.good.nas
File creation:                20151130125131
Startdate:                    20130101070000
Revision date:                20140501000000
Statistics:                   arithmetic mean
Data level:                   
Period code:                  1y
Resolution code:              1d
Station code:                 TT0004R
Platform code:                TT0004S
Station name:                 TestStation04
Station latitude:             04.40
Station longitude:            04.40
Station altitude:             04.0m
Regime:                       IMG
Component:                    
Unit:                         
Matrix:                       aerosol
Instrument type:              filter_3pack
Laboratory code:              TT04L
Instrument name:              InstrumentName04
Method ref:                   TestRef04
Originator:                   Name, Surname, , , , , , , , , 
Submitter:                    Name, Surname, , , , , , , , , 
starttime endtime NH3 flag_NH3 NH4+ flag_NH4+ Ca++ flag_Ca++ Cl- flag_Cl- Mg++ flag_Mg++ NO3- flag_NO3- HNO3 flag_HNO3 K+ flag_K+ Na+ flag_Na+ XSO4-- flag_XSO4-- SO4-- flag_SO4-- SO2 flag_SO2 NH3+NH4 flag_NH3+NH4 HNO3+NO3 flag_HNO3+NO3
[from data line 87]
 87.291667  88.291667 9.99 0.999  0.09 0.000 0.05 0.000  0.11 0.000 0.01 0.781 0.06 0.000 0.06 0.000 0.04 0.000  0.11 0.000  0.157 0.000  0.16 0.000 0.07 0.000 99.99 0.999  0.12 0.000
 88.291667  89.291667 9.99 0.999  0.03 0.000 0.05 0.000  0.07 0.000 0.02 0.000 0.06 0.000 0.02 0.781 0.06 0.000  0.06 0.000  0.075 0.000  0.08 0.000 0.02 0.781 99.99 0.999  0.07 0.000
 89.291667  90.291667 9.99 0.999  0.12 0.000 0.05 0.000  0.02 0.781 0.01 0.000 0.06 0.000 0.03 0.000 0.05 0.000  0.06 0.000  0.195 0.000  0.20 0.000 0.05 0.000 99.99 0.999  0.10 0.000
 90.291667  91.291667 0.20 0.000  0.01 0.000 0.03 0.000  0.13 0.000 0.01 0.781 0.04 0.000 0.02 0.781 0.01 0.000  0.11 0.000  0.077 0.000  0.08 0.000 0.02 0.781  0.22 0.000  0.05 0.000
 91.291667  92.291667 0.28 0.000  0.03 0.000 0.03 0.000  0.22 0.000 0.02 0.000 0.03 0.000 0.02 0.781 0.03 0.000  0.16 0.000  0.067 0.000  0.08 0.000 0.03 0.000  0.30 0.000  0.05 0.000
 92.291667  93.291667 0.32 0.000  0.04 0.000 0.06 0.000  0.26 0.000 0.02 0.000 0.07 0.000 0.02 0.781 0.03 0.000  0.25 0.000  0.076 0.000  0.09 0.000 0.04 0.000  0.37 0.000  0.08 0.000
 93.291667  94.291667 0.16 0.000  0.07 0.000 0.01 0.000  0.04 0.000 0.01 0.781 0.04 0.000 0.02 0.781 0.01 0.000  0.05 0.000  0.086 0.000  0.09 0.000 0.02 0.781  0.22 0.000  0.05 0.000
 94.291667  95.291667 0.35 0.000  0.40 0.000 0.03 0.000  0.02 0.781 0.01 0.781 0.47 0.000 0.14 0.000 0.04 0.000  0.09 0.000  0.097 0.000  0.10 0.000 0.03 0.000  0.75 0.000  0.61 0.000
 95.291667  96.291667 0.23 0.000  0.01 0.000 0.12 0.000  0.12 0.000 0.01 0.781 0.03 0.000 0.02 0.781 0.01 0.781  0.10 0.000  0.037 0.000  0.04 0.000 0.02 0.781  0.24 0.000  0.04 0.000
 96.291667  97.291667 0.18 0.000  0.04 0.000 0.03 0.000  0.12 0.000 0.01 0.781 0.04 0.000 0.02 0.781 0.02 0.000  0.11 0.000  0.087 0.000  0.09 0.000 0.02 0.781  0.22 0.000  0.06 0.000
 97.291667  98.291667 0.14 0.000  0.16 0.000 0.04 0.000  0.02 0.781 0.01 0.781 0.04 0.000 0.02 0.000 0.04 0.000  0.06 0.000  0.247 0.000  0.25 0.000 0.06 0.000  0.30 0.000  0.07 0.000
 98.291667  99.291667 0.32 0.000  0.96 0.000 0.01 0.781  0.02 0.781 0.01 0.781 0.76 0.000 0.13 0.000 0.04 0.000  0.04 0.000  0.387 0.000  0.39 0.000 0.02 0.781  1.28 0.000  0.88 0.000
 99.291667 100.291667 0.19 0.000  0.21 0.000 0.01 0.781  0.06 0.000 0.01 0.781 0.01 0.000 0.02 0.781 0.04 0.000  0.01 0.781  0.277 0.000  0.28 0.000 0.02 0.781  0.40 0.000  0.02 0.000
100.291667 101.291667 0.25 0.000  0.26 0.000 0.03 0.000  0.02 0.781 0.01 0.000 0.05 0.000 0.07 0.000 0.04 0.000  0.04 0.000  0.357 0.000  0.36 0.000 0.14 0.000  0.51 0.000  0.12 0.000
101.291667 102.291667 0.14 0.000  0.51 0.000 0.03 0.000  0.07 0.000 0.01 0.000 0.03 0.000 0.04 0.000 0.07 0.000  0.03 0.000  0.747 0.000  0.75 0.000 0.03 0.000  0.65 0.000  0.07 0.000
102.291667 103.291667 0.24 0.000  0.10 0.000 0.04 0.000  0.07 0.000 0.01 0.000 0.06 0.000 0.05 0.000 0.05 0.000  0.05 0.000  0.146 0.000  0.15 0.000 0.10 0.000  0.34 0.000  0.11 0.000
103.291667 104.291667 0.31 0.000  0.80 0.000 0.04 0.000  0.05 0.000 0.01 0.781 0.85 0.000 0.13 0.000 0.04 0.000  0.04 0.000  0.107 0.000  0.11 0.000 0.03 0.000  1.12 0.000  0.98 0.000
104.291667 105.291667 0.52 0.000  0.54 0.000 0.11 0.000  0.49 0.000 0.08 0.000 0.80 0.000 0.16 0.000 0.04 0.000  0.69 0.000  0.132 0.000  0.19 0.000 0.03 0.000  1.06 0.000  0.96 0.000
105.291667 106.291667 0.82 0.000  0.01 0.000 0.03 0.000  0.02 0.781 0.01 0.781 0.11 0.000 0.02 0.781 0.01 0.781  0.01 0.781  0.005 0.781  0.01 0.781 0.03 0.000  0.84 0.000  0.12 0.000
106.291667 107.291667 0.29 0.000  0.15 0.000 0.02 0.000  0.10 0.000 0.01 0.000 0.16 0.000 0.12 0.000 0.03 0.000  0.11 0.000  0.051 0.000  0.06 0.000 0.02 0.781  0.45 0.000  0.28 0.000
107.291667 108.291667 0.46 0.000  0.66 0.000 0.06 0.000  0.05 0.000 0.03 0.000 0.70 0.000 0.21 0.000 0.04 0.000  0.28 0.000  0.287 0.000  0.31 0.000 0.10 0.000  1.12 0.000  0.91 0.000
108.291667 109.291667 0.30 0.000  0.20 0.000 0.05 0.000  0.20 0.000 0.03 0.000 0.26 0.000 0.10 0.000 0.04 0.000  0.26 0.000  0.118 0.000  0.14 0.000 0.05 0.000  0.50 0.000  0.35 0.000
109.291667 110.291667 0.20 0.000  0.62 0.000 0.01 0.781  0.20 0.000 0.01 0.781 0.37 0.000 0.09 0.000 0.04 0.000  0.06 0.000  0.375 0.000  0.38 0.000 0.02 0.781  0.81 0.000  0.46 0.000
110.291667 111.291667 0.17 0.000  0.55 0.000 0.02 0.000  0.04 0.000 0.03 0.000 0.38 0.000 0.04 0.000 0.04 0.000  0.28 0.000  0.427 0.000  0.45 0.000 0.05 0.000  0.71 0.000  0.42 0.000
111.291667 112.291667 0.29 0.000  0.05 0.000 0.03 0.000  0.52 0.000 0.04 0.000 0.08 0.000 0.02 0.781 0.04 0.000  0.41 0.000  0.036 0.000  0.07 0.000 0.05 0.000  0.34 0.000  0.09 0.000
112.291667 113.291667 9.99 0.999 99.99 0.999 0.10 0.000  0.35 0.000 0.07 0.000 9.99 0.999 9.99 0.999 0.09 0.000  0.54 0.000  0.425 0.000  0.47 0.000 0.11 0.000 99.99 0.999 99.99 0.999
113.291667 114.291667 0.42 0.000  0.32 0.000 0.03 0.000  0.33 0.000 0.04 0.000 0.35 0.000 0.17 0.000 0.05 0.000  0.30 0.000  0.065 0.000  0.09 0.000 0.03 0.781  0.74 0.000  0.53 0.000
114.291667 115.291667 0.71 0.000  0.11 0.000 0.02 0.000  0.10 0.000 0.08 0.000 0.27 0.000 0.02 0.781 0.10 0.000  0.15 0.000  0.097 0.000  0.11 0.000 0.11 0.000  0.81 0.000  0.28 0.000
115.291667 116.291667 0.23 0.000  0.42 0.000 0.01 0.781  0.06 0.000 0.01 0.781 0.46 0.000 0.09 0.000 0.04 0.000  0.05 0.000  0.016 0.000  0.02 0.000 0.02 0.781  0.65 0.000  0.55 0.000
116.291667 117.291667 0.24 0.000  0.03 0.000 0.01 0.781  0.02 0.781 0.01 0.000 0.04 0.000 0.02 0.781 0.03 0.000  0.01 0.781  0.010 0.000  0.01 0.000 0.12 0.000  0.26 0.000  0.05 0.000
117.291667 118.291667 0.59 0.000  0.50 0.000 0.01 0.000  0.02 0.000 0.04 0.000 0.64 0.000 0.08 0.000 0.06 0.000  0.05 0.000  0.036 0.000  0.04 0.000 0.07 0.000  1.10 0.000  0.72 0.000
118.291667 119.291667 0.35 0.000  0.01 0.781 0.01 0.000  0.02 0.000 0.01 0.000 0.04 0.000 0.02 0.781 0.02 0.000  0.01 0.000  0.009 0.000  0.01 0.000 0.07 0.000  0.36 0.000  0.05 0.000
119.291667 120.291667 0.45 0.000  0.05 0.000 0.04 0.000  0.22 0.000 0.05 0.000 0.17 0.000 0.03 0.000 0.05 0.000  0.33 0.000  0.102 0.000  0.13 0.000 0.27 0.000  0.50 0.000  0.20 0.000
120.291667 121.291667 0.18 0.000  0.22 0.000 0.07 0.000  0.48 0.000 0.01 0.781 0.02 0.000 0.02 0.781 0.04 0.000  0.09 0.000  0.092 0.000  0.10 0.000 0.03 0.000  0.40 0.000  0.03 0.000
121.291667 122.291667 0.43 0.000  0.77 0.000 0.40 0.000  0.27 0.000 0.06 0.000 0.02 0.000 0.02 0.781 0.40 0.000  0.61 0.000  0.099 0.000  0.15 0.000 0.10 0.000  1.20 0.000  0.04 0.000
122.291667 123.291667 0.24 0.000  0.09 0.000 0.05 0.000  0.58 0.000 0.04 0.000 0.04 0.000 0.02 0.781 0.05 0.000  0.47 0.000  0.172 0.000  0.20 0.000 0.10 0.000  0.33 0.000  0.05 0.000
123.291667 124.291667 0.31 0.000  0.36 0.000 0.04 0.000  0.87 0.000 0.04 0.000 0.04 0.000 0.07 0.000 0.08 0.000  0.38 0.000  0.108 0.000  0.14 0.000 0.04 0.000  0.67 0.000  0.11 0.000
124.291667 125.291667 0.35 0.000  0.09 0.000 0.02 0.000  0.46 0.000 0.01 0.781 0.02 0.000 0.06 0.000 0.04 0.000  0.07 0.000  0.074 0.000  0.08 0.000 0.10 0.000  0.44 0.000  0.08 0.000
125.291667 126.291667 0.26 0.000  0.12 0.000 0.04 0.000  0.41 0.000 0.01 0.781 0.01 0.781 0.03 0.000 0.01 0.781  0.01 0.781  0.047 0.000  0.05 0.000 0.02 0.781  0.37 0.000  0.04 0.000
126.291667 127.291667 0.18 0.000  1.15 0.000 0.07 0.000  0.02 0.781 0.02 0.000 0.01 0.000 0.05 0.000 0.12 0.000  0.23 0.000  0.046 0.000  0.06 0.000 0.02 0.781  1.33 0.000  0.06 0.000
127.291667 128.291667 0.54 0.000  0.19 0.000 0.02 0.000  0.09 0.000 0.01 0.781 0.03 0.000 0.02 0.781 0.03 0.000  0.06 0.000  0.107 0.000  0.11 0.000 0.02 0.781  0.73 0.000  0.04 0.000
128.291667 129.291667 0.23 0.000  0.57 0.000 0.05 0.000  0.02 0.781 0.03 0.000 0.01 0.000 0.03 0.000 0.05 0.000  0.31 0.000  0.034 0.000  0.06 0.000 0.02 0.781  0.80 0.000  0.04 0.000
129.291667 130.291667 0.26 0.000  0.64 0.000 0.05 0.000  0.03 0.000 0.03 0.000 0.01 0.000 0.07 0.000 0.05 0.000  0.30 0.000  0.005 0.000  0.03 0.000 0.11 0.000  0.90 0.000  0.08 0.000
130.291667 131.291667 0.53 0.000  0.18 0.000 0.01 0.781  0.05 0.000 0.01 0.781 0.01 0.781 0.02 0.781 0.01 0.781  0.01 0.781  0.037 0.000  0.04 0.000 0.02 0.781  0.70 0.000  0.02 0.000
131.291667 132.291667 0.20 0.000  0.20 0.000 0.02 0.000  0.18 0.000 0.01 0.781 0.01 0.781 0.05 0.000 0.04 0.000  0.05 0.000  0.026 0.000  0.03 0.000 0.03 0.000  0.40 0.000  0.06 0.000
132.291667 133.291667 0.37 0.000  0.08 0.000 0.06 0.000  0.04 0.000 0.01 0.781 0.02 0.000 0.02 0.781 0.02 0.000  0.05 0.000  0.046 0.000  0.05 0.000 0.03 0.000  0.45 0.000  0.03 0.000
133.291667 134.291667 0.19 0.000  0.27 0.000 0.09 0.000  0.03 0.000 0.03 0.000 0.01 0.781 0.02 0.781 0.03 0.000  0.35 0.000  0.009 0.000  0.03 0.000 0.02 0.781  0.46 0.000  0.01 0.000
134.291667 135.291667 0.41 0.000  0.39 0.000 0.04 0.000  0.03 0.000 0.02 0.000 0.01 0.000 0.05 0.000 0.09 0.000  0.23 0.000  0.116 0.000  0.13 0.000 0.16 0.000  0.81 0.000  0.06 0.000
135.291667 136.291667 0.43 0.000  0.47 0.000 0.22 0.000  0.02 0.000 0.04 0.000 0.01 0.781 0.09 0.000 0.06 0.000  0.14 0.000  0.028 0.000  0.04 0.000 0.30 0.000  0.91 0.000  0.10 0.000
136.291667 137.291667 0.40 0.000  0.40 0.000 0.12 0.000  0.05 0.000 0.02 0.000 0.01 0.781 0.04 0.000 0.05 0.000  0.06 0.000  0.065 0.000  0.07 0.000 0.19 0.000  0.79 0.000  0.04 0.000
137.291667 138.291667 0.54 0.000  0.32 0.000 0.14 0.000  0.17 0.000 0.01 0.781 0.02 0.000 0.02 0.781 0.05 0.000  0.04 0.000  0.137 0.000  0.14 0.000 0.06 0.000  0.86 0.000  0.03 0.000
138.291667 139.291667 0.29 0.000  0.31 0.000 0.05 0.000  0.33 0.000 0.01 0.781 0.01 0.781 0.03 0.000 0.02 0.000  0.01 0.000  0.097 0.000  0.10 0.000 0.02 0.781  0.60 0.000  0.04 0.000
139.291667 140.291667 0.40 0.000  0.18 0.000 0.01 0.000  0.53 0.000 0.01 0.781 0.01 0.000 0.02 0.781 0.05 0.000  0.01 0.781  0.087 0.000  0.09 0.000 0.02 0.000  0.58 0.000  0.02 0.000
140.291667 141.291667 0.12 0.000  0.34 0.000 0.06 0.000  1.68 0.000 0.01 0.781 0.08 0.000 0.03 0.000 0.06 0.000  0.01 0.781  0.187 0.000  0.19 0.000 0.03 0.781  0.47 0.000  0.11 0.000
141.291667 142.291667 0.13 0.000  0.33 0.000 0.02 0.000  0.24 0.000 0.01 0.781 0.02 0.000 0.02 0.781 0.05 0.000  0.02 0.000  0.117 0.000  0.12 0.000 0.02 0.781  0.46 0.000  0.03 0.000
142.291667 143.291667 0.14 0.000  0.23 0.000 0.04 0.000  0.07 0.000 0.01 0.781 0.03 0.000 0.02 0.781 0.04 0.000  0.07 0.000  0.107 0.000  0.11 0.000 0.02 0.781  0.38 0.000  0.04 0.000
143.291667 144.291667 0.26 0.000  0.15 0.000 0.01 0.781  0.05 0.000 0.01 0.781 0.03 0.000 0.02 0.781 0.02 0.000  0.01 0.781  0.167 0.000  0.17 0.000 0.27 0.000  0.40 0.000  0.04 0.000
144.291667 145.291667 0.14 0.000  0.26 0.000 0.04 0.000  0.03 0.000 0.01 0.781 0.01 0.000 0.02 0.781 0.06 0.000  0.02 0.000  0.128 0.000  0.13 0.000 0.04 0.000  0.40 0.000  0.02 0.000
145.291667 146.291667 0.18 0.000  0.18 0.000 0.01 0.781  0.13 0.000 0.01 0.781 0.03 0.000 0.02 0.781 0.03 0.000  0.03 0.000  0.157 0.000  0.16 0.000 0.02 0.781  0.36 0.000  0.04 0.000
146.291667 147.291667 0.11 0.000  0.26 0.000 0.03 0.000  0.32 0.000 0.01 0.781 0.04 0.000 0.02 0.781 0.05 0.000  0.01 0.781  0.217 0.000  0.22 0.000 0.02 0.000  0.37 0.000  0.05 0.000
147.291667 148.291667 0.17 0.000  0.41 0.000 0.05 0.000  0.15 0.000 0.01 0.781 0.03 0.000 0.03 0.000 0.06 0.000  0.02 0.000  0.127 0.000  0.13 0.000 0.04 0.000  0.58 0.000  0.05 0.000
148.291667 149.291667 0.43 0.000  0.38 0.000 0.01 0.000  0.11 0.000 0.01 0.781 0.02 0.000 0.05 0.000 0.04 0.000  0.03 0.000  0.107 0.000  0.11 0.000 0.49 0.000  0.80 0.000  0.08 0.000
149.291667 150.291667 0.18 0.000  0.36 0.000 0.10 0.000  0.02 0.781 0.01 0.000 0.04 0.000 0.03 0.000 0.06 0.000  0.04 0.000  0.267 0.000  0.27 0.000 0.04 0.000  0.55 0.000  0.07 0.000
150.291667 151.291667 0.22 0.000  0.01 0.000 0.01 0.781  0.02 0.781 0.01 0.781 0.06 0.000 0.02 0.781 0.01 0.781  0.02 0.000  0.328 0.000  0.33 0.000 0.03 0.000  0.23 0.000  0.07 0.000
151.291667 152.291667 0.18 0.000  0.07 0.000 0.06 0.000  0.02 0.781 0.01 0.781 0.02 0.000 0.02 0.781 0.04 0.000  0.01 0.000  0.179 0.000  0.18 0.000 0.02 0.781  0.25 0.000  0.03 0.000
152.291667 153.291667 0.20 0.000  0.11 0.000 0.10 0.000  0.02 0.781 0.02 0.000 0.06 0.000 0.03 0.000 0.12 0.000  0.05 0.000  0.206 0.000  0.21 0.000 0.02 0.781  0.31 0.000  0.10 0.000
153.291667 154.291667 0.14 0.000  0.04 0.000 0.04 0.000  0.05 0.000 0.01 0.781 0.01 0.781 0.02 0.781 0.09 0.000  0.05 0.000  0.046 0.000  0.05 0.000 0.03 0.000  0.18 0.000  0.02 0.000
154.291667 155.291667 0.12 0.000  0.01 0.781 0.03 0.000  0.04 0.000 0.01 0.781 0.03 0.000 0.02 0.781 0.06 0.000  0.06 0.000  0.077 0.000  0.08 0.000 0.02 0.781  0.12 0.000  0.04 0.000
155.291667 156.291667 0.15 0.000  0.01 0.781 0.06 0.000  0.02 0.781 0.02 0.000 0.02 0.000 0.02 0.781 0.08 0.000  0.02 0.000  0.078 0.000  0.08 0.000 0.26 0.000  0.15 0.000  0.04 0.000
156.291667 157.291667 0.23 0.000  0.13 0.000 0.07 0.000  0.05 0.000 0.03 0.000 0.14 0.000 0.05 0.000 0.07 0.000  0.28 0.000  0.287 0.000  0.31 0.000 0.04 0.000  0.36 0.000  0.19 0.000
157.291667 158.291667 0.22 0.000  0.08 0.000 0.07 0.000  0.04 0.000 0.02 0.000 0.10 0.000 0.04 0.000 0.07 0.000  0.18 0.000  0.205 0.000  0.22 0.000 0.17 0.000  0.30 0.000  0.14 0.000
158.291667 159.291667 0.13 0.000  0.01 0.781 0.04 0.000  0.03 0.000 0.01 0.781 0.01 0.781 0.02 0.781 0.02 0.000  0.02 0.000  0.038 0.000  0.04 0.000 0.13 0.000  0.13 0.000  0.02 0.000
159.291667 160.291667 0.15 0.000  0.01 0.781 0.09 0.000  0.02 0.000 0.01 0.781 0.02 0.000 0.02 0.781 0.03 0.000  0.02 0.000  0.068 0.000  0.07 0.000 0.02 0.781  0.15 0.000  0.03 0.000
160.291667 161.291667 0.14 0.000  0.41 0.000 0.10 0.000  0.19 0.000 0.05 0.000 0.22 0.000 0.03 0.000 0.10 0.000  0.44 0.000  0.573 0.000  0.61 0.000 0.05 0.000  0.54 0.000  0.25 0.000
161.291667 162.291667 0.17 0.000  0.04 0.000 0.06 0.000  0.05 0.000 0.02 0.000 0.08 0.000 0.08 0.000 0.07 0.000  0.13 0.000  0.129 0.000  0.14 0.000 0.04 0.000  0.20 0.000  0.15 0.000
162.291667 163.291667 0.15 0.000  0.21 0.000 0.03 0.000  0.02 0.781 0.02 0.000 0.09 0.000 0.03 0.000 0.11 0.000  0.13 0.000  0.349 0.000  0.36 0.000 0.02 0.781  0.35 0.000  0.12 0.000
163.291667 164.291667 0.15 0.000  0.27 0.000 0.07 0.000  0.15 0.000 0.04 0.000 0.16 0.000 0.07 0.000 0.07 0.000  0.37 0.000  0.389 0.000  0.42 0.000 0.03 0.000  0.42 0.000  0.22 0.000
164.291667 165.291667 0.22 0.000  0.12 0.000 0.02 0.000  0.10 0.000 0.01 0.000 0.05 0.000 0.06 0.000 0.08 0.000  0.14 0.000  0.103 0.000  0.11 0.000 0.06 0.000  0.34 0.000  0.12 0.000
165.291667 166.291667 0.17 0.000  0.10 0.000 0.02 0.000  0.02 0.781 0.01 0.781 0.03 0.000 0.03 0.000 0.05 0.000  0.04 0.000  0.087 0.000  0.09 0.000 0.02 0.781  0.27 0.000  0.06 0.000
166.291667 167.291667 0.15 0.000  0.04 0.000 0.07 0.000  0.07 0.000 0.02 0.000 0.07 0.000 0.02 0.781 0.11 0.000  0.14 0.000  0.148 0.000  0.16 0.000 0.02 0.781  0.18 0.000  0.08 0.000
167.291667 168.291667 0.14 0.000  0.09 0.000 0.08 0.000  0.04 0.000 0.02 0.000 0.07 0.000 0.03 0.000 0.05 0.000  0.12 0.000  0.150 0.000  0.16 0.000 0.11 0.000  0.23 0.000  0.09 0.000
168.291667 169.291667 0.18 0.000  0.08 0.000 0.09 0.000  0.02 0.000 0.03 0.000 0.09 0.000 0.08 0.000 0.09 0.000  0.11 0.000  0.161 0.000  0.17 0.000 0.28 0.000  0.26 0.000  0.17 0.000
169.291667 170.291667 0.21 0.000  0.29 0.000 0.07 0.000  0.02 0.781 0.03 0.000 0.18 0.000 0.12 0.000 0.07 0.000  0.20 0.000  0.353 0.000  0.37 0.000 0.11 0.000  0.50 0.000  0.30 0.000
170.291667 171.291667 0.28 0.000  0.31 0.000 0.05 0.000  0.02 0.781 0.01 0.000 0.13 0.000 0.19 0.000 0.08 0.000  0.06 0.000  0.335 0.000  0.34 0.000 0.04 0.000  0.59 0.000  0.31 0.000
171.291667 172.291667 0.19 0.000  0.37 0.000 0.07 0.000  0.02 0.781 0.01 0.000 0.13 0.000 0.06 0.000 0.08 0.000  0.07 0.000  0.414 0.000  0.42 0.000 0.02 0.781  0.56 0.000  0.19 0.000
172.291667 173.291667 0.25 0.000  0.95 0.000 0.04 0.000  0.27 0.000 0.05 0.000 0.73 0.000 0.19 0.000 0.10 0.000  0.40 0.000  0.507 0.000  0.54 0.000 0.04 0.000  1.20 0.000  0.92 0.000
