db/R_TOOLS/emepPackagesTesting/emep_data/TT/TT0010R.neutral.nas
51 1001
Name, Surname
TT10, Institute of Testing, IoT, , "Test Str., 12345 Testity, Testland", , , , 
Name, Surname
EMEP
1 1
2011 01 01 2012 06 20
1.00
days from file reference point
9
1 1 1 1 1 1 1 1 1
999.99 99.99 9.999 99.99 9.999 99.99 9.999 999.9 9.999
end_time of measurement, days from the file reference point
ammonium, ug N/m3, Method ref=PL01L_chlor_T
numflag ammonium, no unit, Method ref=PL01L_chlor_T
nitrate, ug N/m3, Method ref=PL01L_griess
numflag nitrate, no unit, Method ref=PL01L_griess
sulphate_total, ug S/m3, Method ref=PL01L_f2p_thorin
numflag sulphate_total, no unit, Method ref=PL01L_f2p_thorin
sulphur_dioxide, ug S/m3, Matrix=air, Method ref=PL01L_f2p_thorin
numflag sulphur_dioxide, no unit, Matrix=air, Method ref=PL01L_f2p_thorin
0
28
Data definition:              EBAS_1.1
Set type code:                TU
Timezone:                     UTC
File name:                    TT0010R.neutral.nas
File creation:                20151130115302
Startdate:                    20110101060000
Revision date:                20120620000000
Statistics:                   arithmetic mean
Data level:                   
Period code:                  1y
Resolution code:              1d
Station code:                 TT0010R
Platform code:                TT0010s
Station name:                 TestStation10
Station latitude:             10.01
Station longitude:            10.01
Station altitude:             10.0m
Regime:                       IMG
Component:                    
Unit:                         
Matrix:                       aerosol
Instrument type:              filter_2pack
Laboratory code:              TT10L
Instrument name:              InstrumentName10
Method ref:                   TestRef10
Originator:                   Name, Surname, , , , , , , , , 
Submitter:                    Name, Surname, , , , , , , , , 
starttime endtime NH4+ flag_NH4+ NO3- flag_NO3- SO4-- flag_SO4-- SO2 flag_SO2
  0.25   1.25  0.33 0.000  0.41 0.000  0.99 0.000   2.8 0.000
  1.25   2.25  0.47 0.000  0.50 0.000  0.47 0.000   2.0 0.000
  2.25   3.25  0.75 0.000  0.73 0.000  1.69 0.000   2.7 0.000
  3.25   4.25  1.36 0.000  1.10 0.000  1.28 0.000   4.3 0.000
  4.25   5.25  2.09 0.000  1.35 0.000  2.16 0.000   2.8 0.000
  5.25   6.25  1.32 0.000  0.79 0.000  1.75 0.000   7.3 0.000
  6.25   7.25  1.47 0.000  0.96 0.000  0.66 0.000   3.9 0.000
  7.25   8.25  0.43 0.000  0.08 0.000  1.47 0.000   0.7 0.000
  8.25   9.25  1.32 0.000  0.68 0.000  0.64 0.000   1.5 0.000
  9.25  10.25  1.43 0.000  0.86 0.000  1.33 0.000   1.0 0.000
 10.25  11.25  1.27 0.000  0.78 0.000  1.42 0.000   0.2 0.000
 11.25  12.25  0.73 0.000  0.61 0.000  1.13 0.000   3.2 0.000
 12.25  13.25  1.28 0.000  0.95 0.000  1.52 0.000   2.1 0.000
 13.25  14.25  0.66 0.000  0.49 0.000  0.95 0.000   0.6 0.000
 14.25  15.25  0.43 0.000  0.37 0.000  1.01 0.000   0.4 0.000
 15.25  16.25  1.22 0.000  0.81 0.000  0.81 0.000   0.5 0.000
 16.25  17.25  1.29 0.000  1.05 0.000  0.93 0.000   1.4 0.000
 17.25  18.25  2.14 0.000  1.92 0.000  0.76 0.000   1.0 0.000
 18.25  19.25  1.10 0.000  0.71 0.000  1.67 0.000   0.9 0.000
 19.25  20.25  0.51 0.000  0.53 0.000  1.30 0.000   0.8 0.000
 20.25  21.25  0.97 0.000  0.72 0.000  1.00 0.000   1.6 0.000
 21.25  22.25  1.06 0.000  0.69 0.000  0.34 0.000   1.6 0.000
 22.25  23.25  0.54 0.000  0.32 0.000  0.10 0.780   0.8 0.000
 23.25  24.25  1.10 0.000  0.71 0.000  0.57 0.000   0.9 0.000
 24.25  25.25  1.70 0.000  1.12 0.000  0.71 0.000   2.4 0.000
 25.25  26.25  2.14 0.000  1.46 0.000  0.61 0.000   3.2 0.000
 26.25  27.25  2.49 0.000  1.72 0.000  1.33 0.000   2.8 0.000
 27.25  28.25  1.47 0.000  0.76 0.000  2.00 0.000  10.0 0.000
 28.25  29.25  2.99 0.000  1.49 0.000  2.43 0.000   5.5 0.000
 29.25  30.25  2.86 0.000  1.58 0.000  1.53 0.000   6.5 0.000
 30.25  31.25  1.68 0.000  0.57 0.000  2.18 0.000  10.1 0.000
 31.25  32.25  3.34 0.000  1.01 0.000  3.35 0.000   6.1 0.000
 32.25  33.25  3.11 0.000  1.83 0.000  2.38 0.000   3.0 0.000
 33.25  34.25  2.44 0.000  1.54 0.000  2.48 0.000   3.4 0.000
 34.25  35.25 99.99 0.658 99.99 0.658 99.99 0.658 999.9 0.658
 35.25  36.25  0.83 0.000  0.47 0.000  0.81 0.000   1.5 0.000
 36.25  37.25  0.63 0.000  0.32 0.000  1.07 0.000   0.8 0.000
 37.25  38.25  1.24 0.000  0.84 0.000  1.39 0.000   2.0 0.000
 38.25  39.25  0.55 0.000  0.27 0.000  1.19 0.000   1.0 0.000
 39.25  40.25  0.48 0.000  0.22 0.000  0.89 0.000   1.2 0.000
 40.25  41.25  0.50 0.000  0.31 0.000  0.61 0.000   1.6 0.000
 41.25  42.25  1.32 0.000  0.79 0.000  0.35 0.000   1.2 0.000
 42.25  43.25  0.34 0.000  0.21 0.000  0.43 0.000   2.0 0.000
 43.25  44.25  0.73 0.000  0.27 0.000  0.71 0.000   1.1 0.000
 44.25  45.25  0.76 0.000  0.41 0.000  1.22 0.000   0.8 0.000
 45.25  46.25  1.22 0.000  0.64 0.000  1.29 0.000   0.8 0.000
 46.25  47.25  0.92 0.000  0.50 0.000  1.32 0.000   1.1 0.000
 47.25  48.25  1.40 0.000  0.96 0.000  1.85 0.000   2.6 0.000
 48.25  49.25  1.81 0.000  1.20 0.000  2.28 0.000   2.6 0.000
 49.25  50.25  2.27 0.000  1.56 0.000  2.07 0.000   2.0 0.000
 50.25  51.25  2.42 0.000  1.38 0.000  1.56 0.000   1.8 0.000
 51.25  52.25  2.31 0.000  1.10 0.000  1.57 0.000   1.0 0.000
 52.25  53.25  2.54 0.000  1.27 0.000  2.36 0.000   2.9 0.000
 53.25  54.25  4.27 0.000  2.19 0.000  3.09 0.000   2.6 0.000
 54.25  55.25  3.82 0.000  1.70 0.000  3.70 0.000   3.1 0.000
 55.25  56.25  2.90 0.000  1.32 0.000  2.55 0.000   3.5 0.000
 56.25  57.25  1.96 0.000  0.76 0.000  1.33 0.000   2.7 0.000
 57.25  58.25  1.47 0.000  0.78 0.000  1.23 0.000   1.3 0.000
 58.25  59.25  1.97 0.000  1.23 0.000  0.58 0.000   0.7 0.000
 59.25  60.25 99.99 0.658 99.99 0.658 99.99 0.658 999.9 0.658
 60.25  61.25  3.32 0.000  2.45 0.000  1.89 0.000   1.8 0.000
 61.25  62.25  2.44 0.000  1.68 0.000  2.38 0.000   2.4 0.000
 62.25  63.25  4.41 0.000  2.89 0.000  2.56 0.000   5.2 0.000
 63.25  64.25  1.95 0.000  1.24 0.000  1.99 0.000   1.9 0.000
 64.25  65.25  0.25 0.000  0.13 0.000  0.82 0.000   0.9 0.000
 65.25  66.25  0.70 0.000  0.32 0.000  0.97 0.000   1.0 0.000
 66.25  67.25  1.53 0.000  0.93 0.000  1.24 0.000   4.5 0.000
 67.25  68.25  1.33 0.000  0.88 0.000  1.59 0.000   4.3 0.000
 68.25  69.25  4.26 0.000  2.80 0.000  1.65 0.000   2.3 0.000
 69.25  70.25 99.99 0.658 99.99 0.658 99.99 0.658 999.9 0.658
 70.25  71.25  3.38 0.000  2.08 0.000  1.55 0.000   0.8 0.000
 71.25  72.25  2.40 0.000  1.43 0.000  1.83 0.000   1.0 0.000
 72.25  73.25  2.95 0.000  1.64 0.000  1.80 0.000   1.3 0.000
 73.25  74.25  4.28 0.000  2.58 0.000  2.00 0.000   0.9 0.000
 74.25  75.25  0.99 0.000  0.34 0.000  2.06 0.000   1.3 0.000
 75.25  76.25  1.05 0.000  0.48 0.000  1.42 0.000   1.0 0.000
 76.25  77.25  2.07 0.000  0.94 0.000  1.55 0.000   2.4 0.000
 77.25  78.25  1.25 0.000  0.57 0.000  2.28 0.000   3.2 0.000
 78.25  79.25  1.26 0.000  0.53 0.000  2.29 0.000   2.8 0.000
 79.25  80.25  2.63 0.000  1.42 0.000  2.69 0.000   0.9 0.000
 80.25  81.25  2.06 0.000  1.44 0.000  1.70 0.000   0.7 0.000
 81.25  82.25  0.86 0.000  0.52 0.000  0.96 0.000   1.1 0.000
 82.25  83.25  1.02 0.000  0.49 0.000  1.57 0.000   0.6 0.000
 83.25  84.25  0.98 0.000  0.48 0.000  1.24 0.000   0.7 0.000
 84.25  85.25  0.34 0.000  0.14 0.000  1.02 0.000   0.8 0.000
 85.25  86.25  1.06 0.000  0.45 0.000  1.20 0.000   1.1 0.000
 86.25  87.25  2.35 0.000  1.17 0.000  1.96 0.000   2.3 0.000
 87.25  88.25  2.24 0.000  1.69 0.000  1.24 0.000   1.6 0.000
 88.25  89.25  3.34 0.000  2.56 0.000  1.51 0.000   2.3 0.000
 89.25  90.25  4.19 0.000  3.10 0.000  2.09 0.000   2.4 0.000
 90.25  91.25  1.53 0.000  1.00 0.000  1.15 0.000   1.4 0.000
 91.25  92.25  1.32 0.000  1.01 0.000  1.19 0.000   1.0 0.000
 92.25  93.25  2.22 0.000  1.24 0.000  1.37 0.000   2.6 0.000
 93.25  94.25  2.05 0.000  1.33 0.000  1.64 0.000   2.0 0.000
 94.25  95.25  1.75 0.000  1.26 0.000  1.41 0.000   0.7 0.000
 95.25  96.25  2.71 0.000  2.01 0.000  0.81 0.000   1.3 0.000
 96.25  97.25  1.87 0.000  0.86 0.000  0.95 0.000   0.9 0.000
 97.25  98.25  0.63 0.000  0.18 0.000  0.51 0.000   0.6 0.000
 98.25  99.25  0.48 0.000  0.09 0.000  0.35 0.000   1.6 0.000
 99.25 100.25  0.24 0.000  0.09 0.000  0.10 0.780   0.9 0.000
100.25 101.25  0.94 0.000  0.52 0.000  0.10 0.780   0.3 0.000
101.25 102.25  1.77 0.000  0.98 0.000  0.64 0.000   1.0 0.000
102.25 103.25  1.37 0.000  0.58 0.000  0.67 0.000   0.9 0.000
103.25 104.25  1.02 0.000  0.36 0.000  0.96 0.000   0.9 0.000
104.25 105.25  1.51 0.000  0.54 0.000  1.03 0.000   0.6 0.000
105.25 106.25  1.26 0.000  0.66 0.000  0.33 0.000   1.3 0.000
106.25 107.25  1.80 0.000  0.87 0.000  0.87 0.000   0.6 0.000
107.25 108.25  3.39 0.000  2.45 0.000  2.33 0.000   1.2 0.000
108.25 109.25  0.90 0.000  0.22 0.000  1.08 0.000   0.6 0.000
109.25 110.25  1.72 0.000  0.97 0.000  0.97 0.000   1.4 0.000
110.25 111.25  1.06 0.000  0.40 0.000  0.10 0.780   0.7 0.000
111.25 112.25  1.34 0.000  0.50 0.000  0.41 0.000   1.2 0.000
112.25 113.25  1.20 0.000  0.34 0.000  0.66 0.000   1.9 0.000
113.25 114.25  2.37 0.000  0.72 0.000  1.37 0.000   1.0 0.000
114.25 115.25  1.46 0.000  0.21 0.000  1.77 0.000   1.2 0.000
115.25 116.25  1.94 0.000  0.36 0.000  1.75 0.000   1.1 0.000
116.25 117.25  2.87 0.000  0.60 0.000  2.00 0.000   2.0 0.000
117.25 118.25  2.39 0.000  0.45 0.000  1.82 0.000   2.3 0.000
118.25 119.25  2.36 0.000  0.63 0.000  1.42 0.000   0.5 0.000
119.25 120.25  1.11 0.000  0.27 0.000  0.59 0.000   0.8 0.000
120.25 121.25  0.69 0.000  0.37 0.000  1.59 0.000   1.9 0.000
121.25 122.25  0.98 0.000  0.39 0.000  1.33 0.000   0.7 0.000
122.25 123.25 99.99 0.658 99.99 0.658 99.99 0.658 999.9 0.658
123.25 124.25 99.99 0.658 99.99 0.658 99.99 0.658 999.9 0.658
124.25 125.25  0.94 0.000  0.41 0.000  2.31 0.000   1.1 0.000
125.25 126.25  0.98 0.000  0.55 0.000  1.72 0.000   2.1 0.000
126.25 127.25  0.59 0.000  0.23 0.000  1.55 0.000   1.6 0.000
127.25 128.25  0.48 0.000  0.14 0.000  4.20 0.000   1.4 0.000
128.25 129.25  1.09 0.000  0.35 0.000  1.23 0.000   0.4 0.000
129.25 130.25  0.72 0.000  0.23 0.000  1.60 0.000   1.0 0.000
130.25 131.25  0.70 0.000  0.20 0.000  1.46 0.000   0.9 0.000
131.25 132.25  1.23 0.000  0.37 0.000  2.14 0.000   1.3 0.000
132.25 133.25  1.23 0.000  0.57 0.000  1.68 0.000   1.6 0.000
133.25 134.25  1.31 0.000  0.53 0.000  1.57 0.000   1.1 0.000
134.25 135.25  1.15 0.000  0.32 0.000  1.99 0.000   1.9 0.000
135.25 136.25  1.16 0.000  0.19 0.000  1.28 0.000   0.4 0.000
136.25 137.25  1.07 0.000  0.04 0.000  0.68 0.000   3.8 0.000
137.25 138.25  1.69 0.000  0.77 0.000  2.30 0.000   1.3 0.000
138.25 139.25  1.93 0.000  0.39 0.000  2.45 0.000   1.8 0.000
139.25 140.25 99.99 0.658 99.99 0.658 99.99 0.658 999.9 0.658
140.25 141.25 99.99 0.670  0.42 0.000  2.80 0.000   1.1 0.000
141.25 142.25 99.99 0.670  0.34 0.000  0.53 0.000   1.9 0.000
142.25 143.25 99.99 0.670  0.30 0.000  1.37 0.000   1.1 0.000
143.25 144.25  1.61 0.000  0.31 0.000  1.27 0.000   2.1 0.000
144.25 145.25  1.38 0.000  0.39 0.000  2.21 0.000   1.2 0.000
145.25 146.25  1.54 0.000  0.30 0.000  2.64 0.000   4.7 0.000
146.25 147.25  1.88 0.000  0.51 0.000  2.37 0.000   3.5 0.000
147.25 148.25  1.99 0.000  0.89 0.000  1.39 0.000   1.5 0.000
148.25 149.25  2.01 0.000  0.44 0.000  2.25 0.000   2.1 0.000
149.25 150.25  1.75 0.000  0.27 0.000  2.65 0.000   1.0 0.000
150.25 151.25  1.87 0.000  0.28 0.000  1.78 0.000   2.4 0.000
151.25 152.25  1.52 0.000  0.37 0.000  2.28 0.000   0.9 0.000
152.25 153.25  1.32 0.000  0.28 0.000  1.75 0.000   0.3 0.000
153.25 154.25  0.68 0.000  0.34 0.000  1.15 0.000   0.2 0.000
154.25 155.25  0.76 0.000  0.35 0.000  0.79 0.000   0.2 0.000
155.25 156.25  0.69 0.000  0.27 0.000  1.32 0.000   0.3 0.000
156.25 157.25  1.10 0.000  0.24 0.000  1.43 0.000   2.7 0.000
157.25 158.25  1.41 0.000  0.27 0.000  2.25 0.000   1.1 0.000
158.25 159.25  1.66 0.000  0.33 0.000  2.21 0.000   0.9 0.000
159.25 160.25  2.08 0.000  0.76 0.000  2.27 0.000   0.4 0.000
160.25 161.25  1.32 0.000  0.47 0.000  1.29 0.000   0.4 0.000
161.25 162.25  1.02 0.000  0.40 0.000  1.64 0.000   0.6 0.000
162.25 163.25  0.97 0.000  0.39 0.000  1.32 0.000   0.2 0.000
163.25 164.25  0.86 0.000  0.27 0.000  1.31 0.000   0.7 0.000
164.25 165.25  1.39 0.000  0.44 0.000  1.90 0.000   0.1 0.780
165.25 166.25  1.17 0.000  0.42 0.000  1.54 0.000   0.8 0.000
166.25 167.25  2.15 0.000  0.27 0.000  2.09 0.000   1.1 0.000
167.25 168.25  1.61 0.000  0.24 0.000  1.75 0.000   1.1 0.000
168.25 169.25  1.82 0.000  0.18 0.000  1.57 0.000   1.8 0.000
169.25 170.25  0.85 0.000  0.17 0.000  1.30 0.000   1.2 0.000
170.25 171.25  1.20 0.000  0.19 0.000  1.32 0.000   1.3 0.000
171.25 172.25  1.51 0.000  0.19 0.000  1.05 0.000   2.8 0.000
172.25 173.25  1.84 0.000  0.13 0.000  1.39 0.000   1.6 0.000
173.25 174.25  1.34 0.000  0.13 0.000  1.24 0.000   0.8 0.000
174.25 175.25  1.57 0.000  0.22 0.000  1.49 0.000   1.2 0.000
175.25 176.25  1.07 0.000  0.10 0.000  1.28 0.000   0.3 0.000
176.25 177.25  1.14 0.000  0.10 0.000  0.81 0.000   0.3 0.000
177.25 178.25  1.24 0.000  0.07 0.000  1.15 0.000   0.9 0.000
178.25 179.25  1.50 0.000  0.07 0.000  0.89 0.000   0.5 0.000
179.25 180.25  1.44 0.000  0.12 0.000  0.68 0.000   0.9 0.000
180.25 181.25  1.50 0.000  0.08 0.000  1.04 0.000   0.2 0.000
181.25 182.25  0.54 0.000  0.10 0.000  1.00 0.000   0.3 0.000
182.25 183.25  1.01 0.000  0.29 0.000  1.65 0.000   1.3 0.000
183.25 184.25  0.72 0.000  0.16 0.000  1.73 0.000   0.8 0.000
184.25 185.25  0.59 0.000  0.14 0.000  0.87 0.000   0.4 0.000
185.25 186.25  0.59 0.000  0.09 0.000  0.59 0.000   0.6 0.000
186.25 187.25  1.03 0.000  0.14 0.000  0.64 0.000   0.5 0.000
187.25 188.25  1.31 0.000  0.24 0.000  1.27 0.000   0.8 0.000
188.25 189.25  1.35 0.000  0.43 0.000  1.33 0.000   1.2 0.000
189.25 190.25  1.44 0.000  0.25 0.000  1.24 0.000   0.4 0.000
190.25 191.25  0.77 0.000  0.13 0.000  1.21 0.000   0.4 0.000
191.25 192.25  1.36 0.000  0.18 0.000  0.95 0.000   1.1 0.000
192.25 193.25  1.02 0.000  0.18 0.000  1.16 0.000   0.1 0.780
193.25 194.25  1.37 0.000  0.10 0.000  1.60 0.000   1.0 0.000
194.25 195.25 99.99 0.658 99.99 0.658 99.99 0.658 999.9 0.658
195.25 196.25  1.03 0.000  0.37 0.000  1.22 0.000   0.9 0.000
196.25 197.25  1.07 0.000  0.20 0.000  1.42 0.000   1.0 0.000
197.25 198.25  1.28 0.000  0.15 0.000  1.43 0.000   1.4 0.000
198.25 199.25  1.44 0.000  0.54 0.000  1.33 0.000   0.8 0.000
199.25 200.25  0.90 0.000  0.14 0.000  0.65 0.000   0.3 0.000
200.25 201.25 99.99 0.658 99.99 0.658 99.99 0.658 999.9 0.658
201.25 202.25  1.47 0.000  0.39 0.000  0.96 0.000   1.5 0.000
202.25 203.25  0.92 0.000  0.12 0.000  0.31 0.000   1.4 0.000
203.25 204.25  0.97 0.000  0.17 0.000  0.95 0.000   3.6 0.000
204.25 205.25  0.73 0.000  0.14 0.000  1.03 0.000   0.6 0.000
205.25 206.25  1.21 0.000  0.22 0.000  0.96 0.000   0.9 0.000
206.25 207.25  1.61 0.000  0.16 0.000  1.05 0.000   0.8 0.000
207.25 208.25  0.96 0.000  0.24 0.000  1.25 0.000   2.0 0.000
208.25 209.25  1.25 0.000  0.19 0.000  0.93 0.000   0.6 0.000
209.25 210.25  1.21 0.000  0.18 0.000  0.41 0.000   1.0 0.000
210.25 211.25  1.02 0.000  0.54 0.000  1.13 0.000   0.5 0.000
211.25 212.25  0.89 0.000  0.19 0.000  0.89 0.000   0.5 0.000
212.25 213.25  1.17 0.000  0.29 0.000  1.60 0.000   0.8 0.000
213.25 214.25  0.77 0.000  0.16 0.000  1.48 0.000   0.6 0.000
214.25 215.25  0.65 0.000  0.20 0.000  1.33 0.000   0.5 0.000
215.25 216.25  0.68 0.000  0.12 0.000  0.83 0.000   0.1 0.780
216.25 217.25  0.73 0.000  0.14 0.000  1.35 0.000   0.3 0.000
217.25 218.25  1.22 0.000  0.20 0.000  1.19 0.000   0.8 0.000
218.25 219.25  1.92 0.000  0.16 0.000  2.07 0.000   0.9 0.000
219.25 220.25  0.63 0.000  0.27 0.000  1.61 0.000   1.2 0.000
220.25 221.25  0.77 0.000  0.16 0.000  1.50 0.000   1.6 0.000
221.25 222.25  0.46 0.000  0.18 0.000  0.73 0.000   0.5 0.000
222.25 223.25  1.02 0.000  0.27 0.000  0.97 0.000   1.7 0.000
223.25 224.25  0.82 0.000  0.45 0.000  0.83 0.000   1.8 0.000
224.25 225.25  0.77 0.000  0.30 0.000  0.50 0.000   1.4 0.000
225.25 226.25  1.02 0.000  0.27 0.000  2.36 0.000   0.7 0.000
226.25 227.25  1.26 0.000  0.37 0.000  2.68 0.000   0.5 0.000
227.25 228.25  1.05 0.000  0.28 0.000  1.31 0.000   0.4 0.000
228.25 229.25  1.28 0.000  0.40 0.000  1.62 0.000   0.2 0.000
229.25 230.25  1.17 0.000  0.29 0.000  1.37 0.000   0.6 0.000
230.25 231.25  1.41 0.000  0.35 0.000  1.46 0.000   0.9 0.000
231.25 232.25  0.75 0.000  0.22 0.000  0.74 0.000   0.6 0.000
232.25 233.25  1.03 0.000  0.27 0.000  1.24 0.000   0.2 0.000
233.25 234.25  1.64 0.000  0.42 0.000  1.62 0.000   1.5 0.000
234.25 235.25  0.96 0.000  0.20 0.000  1.70 0.000   0.6 0.000
235.25 236.25  1.52 0.000  0.48 0.000  1.66 0.000   0.7 0.000
236.25 237.25  0.89 0.000  0.16 0.000  0.79 0.000   0.5 0.000
237.25 238.25  1.21 0.000  0.20 0.000  1.18 0.000   1.2 0.000
238.25 239.25  1.67 0.000  0.23 0.000  2.56 0.000   1.4 0.000
239.25 240.25  0.87 0.000  0.13 0.000  0.75 0.000   1.5 0.000
240.25 241.25  1.22 0.000  0.50 0.000  1.34 0.000   1.0 0.000
241.25 242.25  1.20 0.000  0.35 0.000  1.05 0.000   1.3 0.000
242.25 243.25  0.78 0.000  0.29 0.000  0.76 0.000   0.5 0.000
243.25 244.25  1.01 0.000  0.47 0.000  2.02 0.000   0.8 0.000
244.25 245.25  0.97 0.000  0.47 0.000  0.48 0.000   0.3 0.000
245.25 246.25  0.59 0.000  0.28 0.000  1.20 0.000   0.4 0.000
246.25 247.25  0.61 0.000  0.13 0.000  1.07 0.000   0.8 0.000
247.25 248.25  1.28 0.000  0.23 0.000  1.10 0.000   1.4 0.000
248.25 249.25  1.08 0.000  0.41 0.000  0.86 0.000   0.5 0.000
249.25 250.25  0.70 0.000  0.42 0.000  1.15 0.000   1.5 0.000
250.25 251.25  0.61 0.000  0.32 0.000  0.97 0.000   1.0 0.000
251.25 252.25  0.80 0.000  0.32 0.000  0.79 0.000   0.4 0.000
252.25 253.25  1.00 0.000  0.44 0.000  0.84 0.000   0.5 0.000
253.25 254.25  1.01 0.000  0.42 0.000  0.33 0.000   0.8 0.000
254.25 255.25  1.15 0.000  0.26 0.000  1.04 0.000   2.2 0.000
255.25 256.25  0.68 0.000  0.28 0.000  0.36 0.000   1.6 0.000
256.25 257.25  0.83 0.000  0.38 0.000  1.81 0.000   0.5 0.000
257.25 258.25  0.82 0.000  0.36 0.000  1.29 0.000   1.0 0.000
