db/R_TOOLS/emepPackagesTesting/emep_data/TT/TT0006R.bad.nas
67 1001
Name, Surname
TT06, Institute of Testing, IoT, , "Test Str., 12345 Testity, Testland", , , , 
Name, Surname
TEST
1 1
2012 01 01 2015 09 24
0.041667
days from file reference point
21
1 1 1 1 1 1 1 1 1 1 1 1 1 1 1 1 1 1 1 1 1
999.999999 99999.99 999.99 999.99 999.999999 999.9999999 999.999999 999.9999999 999.999999 999.9999999 999.999999 999.9999999 999.999999 999.9999999 999.999999 999.9999999 999.999999 999.9999999 999.999999 999.9999999 9.999999
end_time of measurement, days from the file reference point
pressure, hPa, Location=external, Statistics=arithmetic mean, Matrix=instrument, Detection limit expl.=, Measurement uncertainty expl.=
relative_humidity, %, Location=external, Statistics=arithmetic mean, Matrix=instrument, Detection limit expl.=, Measurement uncertainty expl.=
temperature, K, Location=external, Statistics=arithmetic mean, Matrix=instrument, Detection limit expl.=, Measurement uncertainty expl.=
nitrogen_dioxide_plus, nmol/mol, Statistics=arithmetic mean, Calibration scale=NPL+GPT, Volume std. temperature=, Volume std. pressure=, Detection limit=0.5 nmol/mol, Measurement uncertainty=0.5 nmol/mol
nitrogen_dioxide_plus, ug N/m3, Statistics=arithmetic mean, Calibration scale=NPL+GPT, Detection limit=0.3124614 ug N/m3, Measurement uncertainty=0.3124614 ug N/m3
nitrogen_dioxide_plus, nmol/mol, Statistics=percentile:15.87, Volume std. temperature=, Volume std. pressure=, Detection limit=0.5 nmol/mol, Measurement uncertainty=0.5 nmol/mol
nitrogen_dioxide_plus, ug N/m3, Statistics=percentile:15.87, Detection limit=0.3124614 ug N/m3, Measurement uncertainty=0.3124614 ug N/m3
nitrogen_dioxide_plus, nmol/mol, Statistics=percentile:84.13, Volume std. temperature=, Volume std. pressure=, Detection limit=0.5 nmol/mol, Measurement uncertainty=0.5 nmol/mol
nitrogen_dioxide_plus, ug N/m3, Statistics=percentile:84.13, Detection limit=0.3124614 ug N/m3, Measurement uncertainty=0.3124614 ug N/m3
nitrogen_dioxide_plus, nmol/mol, Statistics=uncertainty, Volume std. temperature=, Volume std. pressure=, Detection limit=0.5 nmol/mol, Measurement uncertainty=0.5 nmol/mol
nitrogen_dioxide_plus, ug N/m3, Statistics=uncertainty, Detection limit=0.3124614 ug N/m3, Measurement uncertainty=0.3124614 ug N/m3
nitrogen_monoxide, nmol/mol, Statistics=arithmetic mean, Calibration scale=NPL, Volume std. temperature=, Volume std. pressure=, Detection limit=0.5 nmol/mol, Measurement uncertainty=0.5 nmol/mol
nitrogen_monoxide, ug N/m3, Statistics=arithmetic mean, Calibration scale=NPL, Detection limit=0.3124614 ug N/m3, Measurement uncertainty=0.3124614 ug N/m3
nitrogen_monoxide, nmol/mol, Statistics=percentile:15.87, Volume std. temperature=, Volume std. pressure=, Detection limit=0.5 nmol/mol, Measurement uncertainty=0.5 nmol/mol
nitrogen_monoxide, ug N/m3, Statistics=percentile:15.87, Detection limit=0.3124614 ug N/m3, Measurement uncertainty=0.3124614 ug N/m3
nitrogen_monoxide, nmol/mol, Statistics=percentile:84.13, Volume std. temperature=, Volume std. pressure=, Detection limit=0.5 nmol/mol, Measurement uncertainty=0.5 nmol/mol
nitrogen_monoxide, ug N/m3, Statistics=percentile:84.13, Detection limit=0.3124614 ug N/m3, Measurement uncertainty=0.3124614 ug N/m3
nitrogen_monoxide, nmol/mol, Statistics=uncertainty, Volume std. temperature=, Volume std. pressure=, Detection limit=0.5 nmol/mol, Measurement uncertainty=0.5 nmol/mol
nitrogen_monoxide, ug N/m3, Statistics=uncertainty, Detection limit=0.3124614 ug N/m3, Measurement uncertainty=0.3124614 ug N/m3
numflag, no unit
0
32
Data definition:              EBAS_1.1
Set type code:                TU
Timezone:                     UTC
File name:                    TT0006R.bad.nas
File creation:                20160926091448
Startdate:                    20120101000000
Revision date:                20150924122302
Version:                      1
Version description:          first revision
Data level:                   1.5
Period code:                  1y
Resolution code:              1h
Sample duration:              1h
Orig. time res.:              1mn
Station code:                 TT0006R
Platform code:                TT0006S
Station name:                 TestStation06
Station latitude:             06.60
Station longitude:            06.60
Station altitude:             06.0m
Measurement height:           3.5m
Regime:                       IMG
Component:                    
Unit:                         
Matrix:                       air
Instrument type:              chemiluminescence_photometer
Laboratory code:              TT06L
Instrument name:              InstrumentName06
Method ref:                   TestRef06
Originator:                   Name, Surname, , , , , , , , , 
Submitter:                    Name, Surname, , , , , , , , , 
starttime endtime P rH temperature nitrogen_dioxide_plus nitrogen_dioxide_plus nitrogen_dioxide_plus nitrogen_dioxide_plus nitrogen_dioxide_plus nitrogen_dioxide_plus nitrogen_dioxide_plus nitrogen_dioxide_plus NO NO NO NO NO NO NO NO flag
[from data line 7194]
299.750000 299.791667   996.05  50.15   2.70   5.130853   3.2063871   4.267552   2.6668906   5.493540   3.4330385   0.740716   0.4628903   0.000000   0.0000000  -0.244823  -0.1529955   0.157240   0.0982629   0.225339   0.1408195 0.000000
299.791667 299.833333   995.15  49.90   2.60   4.258707   2.6613632   3.581904   2.2384135   4.394192   2.7460308   0.562740   0.3516691   0.000000   0.0000000  -0.180006  -0.1124899   0.170097   0.1062975   0.241304   0.1507964 0.000000
299.833333 299.875000   994.40  49.20   2.30   3.968758   2.4801674   3.355264   2.0967810   3.916064   2.4472377   0.461784   0.2885794   0.000000   0.0000000  -0.319192  -0.1994704   0.155100   0.0969255   0.277139   0.1731905 0.000000
299.875000 299.916667   993.50  52.60   1.90   4.489950   2.8058722   3.618360   2.2611957   4.671516   2.9193369   0.639701   0.3997637   0.000000   0.0000000  -0.209063  -0.1306482   0.291009   0.1818582   0.261200   0.1632298 0.000000
299.916667 299.958333   992.45  54.45   2.20   4.121944   2.5758968   3.367184   2.1042301   4.481248   2.8004341   0.624323   0.3901537   0.000000   0.0000000  -0.323830  -0.2023688   0.194177   0.1213456   0.323607   0.2022294 0.000000
299.958333 300.000000   991.40  55.55   2.35   3.827176   2.3916896   3.306256   2.0661548   3.713864   2.3208783   0.402917   0.2517920   0.000000   0.0000000  -0.288868  -0.1805202   0.141048   0.0881441   0.229327   0.1433117 0.000000
300.000000 300.041667   990.65  56.50   2.35   3.832086   2.3947580   3.266708   2.0414403   3.765796   2.3533318   0.410137   0.2563040   0.000000   0.0000000  -0.259065  -0.1618956   0.141573   0.0884722   0.233506   0.1459232 0.000000
300.041667 300.083333   990.10  61.45   2.00   4.368423   2.7299272   3.412792   2.1327316   4.730428   2.9561524   0.686765   0.4291751   0.000000   0.0000000  -0.317806  -0.1986042   0.088257   0.0551538   0.228068   0.1425249 0.000000
300.083333 300.125000   989.55  82.80   0.75   4.532736   2.8326101   3.987356   2.4917897   4.426764   2.7663858   0.499887   0.3123908   0.000000   0.0000000  -0.283991  -0.1774725   0.051689   0.0323016   0.229920   0.1436823 0.000000
300.125000 300.166667   988.70  89.35   0.45   4.552707   2.8450905   3.959868   2.4746118   4.517060   2.8228138   0.514368   0.3214403   0.000000   0.0000000  -0.244073  -0.1525268   0.108095   0.0675510   0.251011   0.1568625 0.000000
300.166667 300.208333   988.15  89.75   0.45   5.282821   3.3013554   4.099180   2.5616711   5.700816   3.5625700   0.891745   0.5572718   0.000000   0.0000000  -0.340925  -0.2130518   0.181484   0.1134135   0.280750   0.1754471 0.000000
300.208333 300.250000   987.95  89.40   0.85   4.738494   2.9611930   3.991088   2.4941219   4.945664   3.0906583   0.702184   0.4388108   0.000000   0.0000000  -0.311798  -0.1948497   0.144553   0.0903345   0.267201   0.1669800 0.000000
300.250000 300.291667   987.85  86.85   0.85   4.349464   2.7180793   3.624564   2.2650727   4.510596   2.8187743   0.559596   0.3497043   0.000000   0.0000000  -0.245444  -0.1533836   0.119910   0.0749345   0.253239   0.1582548 0.000000
300.291667 300.333333   987.75  87.55   1.00   4.869981   3.0433622   3.984812   2.4901999   5.071168   3.1690886   0.698736   0.4366561   0.006308   0.0039420  -0.198208  -0.1238647   0.309549   0.1934442   0.246154   0.1538272 0.000000
300.333333 300.375000   988.15  87.60   0.95   4.715213   2.9466442   3.132568   1.9576132   6.061320   3.7878571   1.635056   1.0217838   0.000000   0.0000000  -0.160070  -0.1000314   0.257028   0.1606227   0.290111   0.1812970 0.000000
300.375000 300.416667   988.40  87.80   1.10   5.771464   3.6067195   4.261440   2.6630711   6.669324   4.1678127   1.284578   0.8027621   0.319176   0.1994604   0.178430   0.1115050   0.803030   0.5018318   0.335772   0.2098316 0.000000
300.416667 300.458333   989.05  88.55   0.90   4.637938   2.8983533   3.736792   2.3352066   4.812092   3.0071861   0.690368   0.4314267   0.219039   0.1368825   0.111368   0.0695964   0.604019   0.3774653   0.246743   0.1541953 0.000000
300.458333 300.500000   989.35  87.90   1.35   4.697332   2.9354699   3.461592   2.1632278   5.099012   3.1864889   1.204273   0.7525777   0.105706   0.0660581   0.016781   0.0104868   0.484926   0.3030413   0.237380   0.1483442 0.000000
300.500000 300.541667   989.75  85.25   1.80   6.490544   4.0560890   4.666272   2.9160598   7.546284   4.7158450   1.368870   0.8554381   0.411047   0.2568726   0.249647   0.1560101   0.810201   0.5063131   0.289306   0.1807939 0.000000
300.541667 300.583333   990.35  73.15   2.55   6.791348   4.2440683   5.312676   3.3200124   7.986476   4.9909310   1.363999   0.8523941   0.506530   0.3165422   0.343706   0.2147897   0.951836   0.5948240   0.346457   0.2165089 0.000000
300.583333 300.625000   990.80  58.30   3.35   9.301100   5.8124696   6.948028   4.3419812  10.278400   6.4232066   1.807843   1.1297623   0.862666   0.5390997   0.771087   0.4818699   1.361224   0.8506599   0.324185   0.2025906 0.000000
300.625000 300.666667   990.95  52.20   4.00   8.229447   5.1427692   6.563824   4.1018834   9.163124   5.7262452   1.403684   0.8771942   0.277247   0.1732580   0.150584   0.0941034   0.658807   0.4117035   0.259678   0.1622787 0.000000
300.666667 300.708333   991.40  50.75   3.75   5.252145   3.2821852   4.213796   2.6332972   5.643548   3.5267819   0.955775   0.5972856   0.000000   0.0000000  -0.106023  -0.0662562   0.285503   0.1784173   0.230271   0.1439016 0.000000
300.708333 300.750000   992.30  48.60   2.95   4.262122   2.6634973   3.666292   2.2911495   4.257384   2.6605364   0.485076   0.3031351   0.045582   0.0284852  -0.104004  -0.0649945   0.385734   0.2410540   0.257871   0.1611495 0.000000
300.750000 300.791667   993.20  54.20   2.70   4.202862   2.6264643   3.419004   2.1366136   4.220876   2.6377217   0.524512   0.3277795   0.000000   0.0000000  -0.245292  -0.1532886   0.263346   0.1645709   0.265328   0.1658095 0.000000
300.791667 300.833333   994.00  61.30   3.20   4.079408   2.5493151   3.155792   1.9721264   4.180568   2.6125323   0.775506   0.4846314   0.000000   0.0000000  -0.111716  -0.0698139   0.313089   0.1956565   0.235573   0.1472149 0.000000
300.833333 300.875000   994.45  77.00   3.25   3.358122   2.0985670   2.644288   1.6524759   3.363448   2.1018954   0.468984   0.2930788   0.000000   0.0000000  -0.022496  -0.0140583   0.425318   0.2657909   0.264468   0.1652721 0.000000
300.875000 300.916667   995.00  80.00   3.45   3.382938   2.1140751   2.699196   1.6867892   3.377664   2.1107793   0.459211   0.2869714   0.000000   0.0000000  -0.146676  -0.0916612   0.320274   0.2001465   0.270229   0.1688723 0.000000
300.916667 300.958333   995.20  78.45   3.15   2.963973   1.8522543   2.432504   1.5201272   2.844644   1.7776829   0.323415   0.2021094   0.000000   0.0000000  -0.177166  -0.1107151   0.187322   0.1170618   0.210646   0.1316375 0.000000
300.958333 301.000000   995.70  75.05   2.75   2.828120   1.7673567   2.289868   1.4309907   2.710168   1.6936458   0.294858   0.1842635   0.000000   0.0000000  -0.244407  -0.1527355   0.247011   0.1543628   0.286675   0.1791497 0.000000
301.000000 301.041667   996.25  72.55   2.40   2.739617   1.7120492   2.150384   1.3438240   2.652860   1.6578327   0.308654   0.1928849   0.000000   0.0000000  -0.265685  -0.1660326   0.195639   0.1222593   0.256001   0.1599809 0.000000
301.041667 301.083333   996.85  68.80   2.15   2.871372   1.7943859   2.257380   1.4106883   2.821992   1.7635272   0.327076   0.2043973   0.000000   0.0000000  -0.286909  -0.1792960   0.131757   0.0823380   0.250101   0.1562938 0.000000
301.083333 301.125000   997.10  67.80   1.70   3.071558   1.9194867   2.476300   1.5474964   3.051764   1.9071169   0.372963   0.2330731   0.000000   0.0000000  -0.337947  -0.2111908   0.089387   0.0558600   0.283581   0.1772162 0.000000
301.125000 301.166667   997.80  72.90   0.75   3.042623   1.9014045   2.486332   1.5537656   2.946968   1.8416275   0.332105   0.2075400   0.000000   0.0000000  -0.328900  -0.2055371   0.014572   0.0091064   0.219639   0.1372574 0.000000
301.166667 301.208333   998.15  79.00   0.40   3.424287   2.1399151   2.922592   1.8263944   3.294532   2.0588282   0.347500   0.2171607   0.000000   0.0000000  -0.325340  -0.2033124   0.075005   0.0468723   0.234189   0.1463500 0.000000
301.208333 301.250000   998.35  82.15  -0.50   3.570449   2.2312550   3.059424   1.9119038   3.476600   2.1726066   0.371778   0.2323326   0.000000   0.0000000  -0.297686  -0.1860308   0.064294   0.0401788   0.245890   0.1536623 0.000000
301.250000 301.291667   998.85  87.50  -1.55   3.682833   2.3014864   3.058004   1.9110165   3.649544   2.2806833   0.437403   0.2733431   0.000000   0.0000000  -0.247686  -0.1547846   0.350115   0.2187949   0.287924   0.1799303 0.000000
301.291667 301.333333   999.75  89.70  -1.80   3.482408   2.1762362   3.007740   1.8796053   3.309908   2.0684370   0.364043   0.2274988   0.213041   0.1331342   0.163937   0.1024480   0.596674   0.3728752   0.231342   0.1445709 0.000000
301.333333 301.375000  1000.70  91.00  -0.90   3.238472   2.0237950   2.665216   1.6655543   3.193748   1.9958460   0.386957   0.2418183   0.308565   0.1928293   0.217056   0.1356432   0.717862   0.4486083   0.299241   0.1870025 0.000000
301.375000 301.416667  1001.20  91.10  -0.15   2.999514   1.8744647   2.410692   1.5064964   2.962600   1.8513963   0.345935   0.2161827   0.447579   0.2797023   0.323220   0.2019876   0.873252   0.5457151   0.274424   0.1714938 0.000000
301.416667 301.458333  1001.50  91.10   1.10   2.719393   1.6994107   2.138672   1.3365049   2.662624   1.6639345   0.349236   0.2182455   0.696357   0.4351694   0.547457   0.3421184   1.130504   0.7064777   0.254443   0.1590072 0.000000
301.458333 301.500000  1001.75  81.80   3.00   2.769800   1.7309112   2.241620   1.4008395   2.618132   1.6361304   0.291228   0.1819950   0.744429   0.4652107   0.666692   0.4166310   1.115588   0.6971564   0.223472   0.1396528 0.000000
301.500000 301.541667  1001.90  68.05   4.55   3.337995   2.0859892   2.807972   1.7547658   3.219580   2.0119890   0.367662   0.2297604   0.831764   0.5197883   0.800059   0.4999751   1.184052   0.7399411   0.201866   0.1261507 0.000000
301.541667 301.583333  1002.05  62.90   5.55   3.506000   2.1909794   2.933676   1.8333211   3.497096   2.1854151   0.421311   0.2632869   0.405036   0.2531162   0.258268   0.1613976   0.893077   0.5581042   0.303993   0.1899722 0.000000
301.583333 301.625000  1002.20  59.75   5.95   3.829969   2.3934350   3.027316   1.8918388   4.053144   2.5329021   0.585241   0.3657305   0.275999   0.1724781   0.219881   0.1374087   0.663806   0.4148275   0.272042   0.1700053 0.000000
301.625000 301.666667  1002.30  59.80   5.70   4.712943   2.9452256   4.197048   2.6228310   4.648908   2.9052087   0.537788   0.3360760   0.072779   0.0454813  -0.056178  -0.0351069   0.412566   0.2578219   0.239314   0.1495528 0.000000
301.666667 301.708333  1002.55  62.00   4.85   5.264038   3.2896174   4.262504   2.6637360   5.860024   3.6620627   0.895423   0.5595703   0.000000   0.0000000  -0.102053  -0.0637752   0.275601   0.1722294   0.218321   0.1364338 0.000000
301.708333 301.750000  1002.95  78.40   1.60  10.084223   6.3018610   5.518872   3.4488690  13.956680   8.7218477   3.937221   2.4604592   0.850407   0.5314387   0.230162   0.1438335   1.906700   1.1915403   0.766798   0.4791896 0.000000
301.750000 301.791667  1003.50  86.65   0.60   7.407857   4.6293388   5.326880   3.3288888   9.658728   6.0359595   2.250218   1.4062126   0.816478   0.5102357   0.253151   0.1581998   1.468352   0.9176067   0.990494   0.6189823 0.000000
301.791667 301.833333  1003.90  89.65  -1.05   6.755739   4.2218154   4.508040   2.8171770  11.514160   7.1954612   2.913679   1.8208245   1.110718   0.6941130   0.331050   0.2068807   3.139200   1.9617577   1.327318   0.8294713 0.000000
301.833333 301.875000  1004.40  90.60  -1.95   7.464252   4.6645813   6.515908   4.0719395   8.577472   5.3602579   1.378918   0.8617173   1.430921   0.8942152   0.674470   0.4214917   2.465692   1.5408672   1.248548   0.7802461 0.000000
301.875000 301.916667  1005.00  91.00  -2.45   8.522535   5.3259265   7.672984   4.7950227   8.663508   5.4140238   1.039819   0.6498066   0.670147   0.4187901   0.610742   0.3816666   1.053424   0.6583087   0.261583   0.1634692 0.000000
301.916667 301.958333  1005.30  91.00  -2.70   9.460559   5.9121191   8.248004   5.1543659  10.108480   6.3170197   1.421189   0.8881334   3.266090   2.0410541   1.621888   1.0135548   5.697648   3.5605902   2.589423   1.6181895 0.000000
301.958333 302.000000  1005.40  91.00  -3.00   8.830683   5.5184953   7.482744   4.6761374   9.925992   6.2029788   1.461319   0.9132116   1.415816   0.8847757   0.608340   0.3801655   2.591908   1.6197424   0.924290   0.5776099 0.000000
302.000000 302.041667  1005.45  90.80  -3.45   8.364536   5.2271894   7.498828   4.6861887   8.615304   5.3839000   1.089937   0.6811265   2.474675   1.5464809   2.294420   1.4338354   3.050164   1.9061171   0.555796   0.3473296 0.000000
302.041667 302.083333  1005.40  90.10  -4.00   7.485728   4.6780022   6.600564   4.1248430   7.720648   4.8248091   0.977299   0.6107364   3.052915   1.9078362   1.097620   0.6859278   5.428712   3.3925260   1.925750   1.2034451 0.000000
302.083333 302.125000  1005.55  89.80  -4.40   7.904067   4.9394318   6.628452   4.1422709   8.831680   5.5191183   1.336159   0.8349962   4.832205   3.0197551   3.268768   2.0427277   6.878736   4.2986790   2.487830   1.5547017 0.000000
302.125000 302.166667  1005.20  89.35  -4.90   8.839201   5.5238183   7.467728   4.6667536   9.347020   5.8411660   1.317987   0.8236401   4.781289   2.9879366   1.171080   0.7318346   8.348192   5.2169756   3.044711   1.9027094 0.000000
302.166667 302.208333  1005.10  88.80  -5.05   8.952718   5.5947577   7.615548   4.7591297   9.928628   6.2046261   1.485398   0.9282591   5.694322   3.5585117   2.949544   1.8432373   8.060900   5.0374403   3.517602   2.1982297 0.000000
302.208333 302.250000  1004.95  88.80  -4.95  10.559791   6.5990543   9.544072   5.9643083  11.208400   7.0043848   1.526088   0.9536872   7.023602   4.3892091   1.916648   1.1977571  12.681520   7.9249711   4.795078   2.9965536 0.000000
302.250000 302.291667  1004.90  89.25  -4.25  10.553756   6.5952829   9.637080   6.0224311  10.826120   6.7654894   1.482003   0.9261375  10.730151   6.7055161   9.385916   5.8654730  11.932000   7.4565790   1.813958   1.1335837 0.000000
302.291667 302.333333  1004.95  89.45  -4.15  10.736312   6.7093663   9.268208   5.7919146  11.465840   7.1652650   1.658125   1.0362001  13.584517   8.4892746   7.499720   4.6867461  23.173120  14.4814113   7.029906   4.3931486 0.000000
302.333333 302.375000  1005.15  90.55  -2.60  10.120190   6.3243376   9.381352   5.8626209  10.196080   6.3717630   1.226897   0.7667159   7.402648   4.6260836   6.877040   4.2976192   8.271636   5.1691340   1.071840   0.6698173 0.000000
302.375000 302.416667  1004.90  91.55   0.40  10.598957   6.6235300   9.949032   6.2173771  10.696120   6.6842494   1.254941   0.7842413   7.576111   4.7344846   7.253152   4.5326601   8.186204   5.1157456   0.998792   0.6241679 0.000000
302.416667 302.458333  1004.65  79.25   2.60   9.573598   5.9827598   8.684656   5.4272396   9.914860   6.1960222   1.205872   0.7535769   5.529710   3.4556419   4.859564   3.0368524   6.559308   4.0990612   1.027772   0.6422782 0.000000
302.458333 302.500000  1004.20  62.95   4.80   7.458756   4.6611468   6.509756   4.0680950   8.002448   5.0009123   1.055438   0.6595673   2.896879   1.8103258   2.486144   1.5536481   3.806176   2.3785662   0.720494   0.4502531 0.000000
